0,0.0,0.22437084543562946,Y,0.0012900829315185547
1,4.743129782047442,0.22437084543562946,Y,0.0012900829315185547
0,0.0,0.1390514982800397,Y,0.0012395381927490234
2,4.598444679325112,0.1390514982800397,Y,0.0012395381927490234
0,0,0,N,0.0008196830749511719
3,0,0,N,0.0008196830749511719
0,0,0,N,0.0008168220520019531
4,0,0,N,0.0008168220520019531
0,0.0,0.633525599718908,Y,0.0012311935424804688
5,4.905593346438838,0.633525599718908,Y,0.0012311935424804688
0,0,0,N,0.0008156299591064453
6,0,0,N,0.0008156299591064453
0,0,0,N,0.0008158683776855469
7,0,0,N,0.0008158683776855469
0,0,0,N,0.0008144378662109375
8,0,0,N,0.0008144378662109375
0,0.0,0.10800900652115786,Y,0.001226663589477539
9,4.494814538188992,0.10800900652115786,Y,0.001226663589477539
0,0,0,N,0.0008115768432617188
10,0,0,N,0.0008115768432617188
0,0.0,0.6679647775450377,Y,0.0012288093566894531
11,4.910348683843056,0.6679647775450377,Y,0.0012288093566894531
0,0,0,N,0.0008165836334228516
12,0,0,N,0.0008165836334228516
0,0,0,N,0.0008158683776855469
13,0,0,N,0.0008158683776855469
0,0,0,N,0.0008115768432617188
14,0,0,N,0.0008115768432617188
0,0.0,0.8483991099693924,Y,0.001230478286743164
15,4.929041841296691,0.8483991099693924,Y,0.001230478286743164
0,0,0,N,0.0008161067962646484
16,0,0,N,0.0008161067962646484
0,0,0,N,0.0008156299591064453
17,0,0,N,0.0008156299591064453
0,0.0,0.4127797342401749,Y,0.0012307167053222656
18,4.856807383363407,0.4127797342401749,Y,0.0012307167053222656
0,0,0,N,0.0008153915405273438
19,0,0,N,0.0008153915405273438
0,0.0,0.23883049436631154,Y,0.0012278556823730469
20,4.7579012751957475,0.23883049436631154,Y,0.0012278556823730469
0,0.0,0.27218006880630696,Y,0.0012295246124267578
21,4.786241064062051,0.27218006880630696,Y,0.0012295246124267578
0,0.0,0.09208747242988125,Y,0.0012276172637939453
22,4.417710725386348,0.09208747242988125,Y,0.0012276172637939453
0,0,0,N,0.0008177757263183594
23,0,0,N,0.0008177757263183594
0,0.0,0.45867558192264823,Y,0.0012402534484863281
24,4.8707176565566,0.45867558192264823,Y,0.0012402534484863281
0,0.0,0.7581764898573624,Y,0.0012290477752685547
25,4.920789358771749,0.7581764898573624,Y,0.0012290477752685547
0,0,0,N,0.000812530517578125
26,0,0,N,0.000812530517578125
0,0.0,0.40562825538189884,Y,0.0012264251708984375
27,4.8543646560651705,0.40562825538189884,Y,0.0012264251708984375
0,0,0,N,0.0009152889251708984
28,0,0,N,0.0009152889251708984
0,0.0,0.8214347620066178,Y,0.0012640953063964844
29,4.926762637281793,0.8214347620066178,Y,0.0012640953063964844
0,0.0,0.35213712725682456,Y,0.0012493133544921875
30,4.833051978241257,0.35213712725682456,Y,0.0012493133544921875
0,0,0,N,0.0008263587951660156
31,0,0,N,0.0008263587951660156
0,0.0,0.08518081740491823,Y,0.0012466907501220703
32,4.3764170254253285,0.08518081740491823,Y,0.0012466907501220703
0,0,0,N,0.000827789306640625
33,0,0,N,0.000827789306640625
0,0.0,0.2461977891296101,Y,0.0012462139129638672
34,4.764791539279069,0.2461977891296101,Y,0.0012462139129638672
0,0.0,1.1627725293325994,Y,0.0012412071228027344
35,4.947894656794563,1.1627725293325994,Y,0.0012412071228027344
0,0.0,3.850543747173532,Y,0.0012404918670654297
36,4.983803319370095,3.850543747173532,Y,0.0012404918670654297
0,-1.5916157281026244e-12,0.16298821421078458,Y,0.006946563720703125
37,0.5273683923374164,0.16298821421078458,Y,0.006946563720703125
0,-1.5916157281026244e-12,0.15043183353986933,Y,0.003179788589477539
38,0.4482804663197296,0.15043183353986933,Y,0.003179788589477539
0,-1.5916157281026244e-12,0.08299982452919608,Y,0.003520488739013672
39,0.4218781996679893,0.08299982452919608,Y,0.003520488739013672
0,-1.5916157281026244e-12,0.22641689264789022,Y,0.00760650634765625
40,0.1897328077828248,0.22641689264789022,Y,0.00760650634765625
0,0,0,N,0.002505064010620117
41,0,0,N,0.002505064010620117
0,0,0,N,0.0014123916625976562
42,0,0,N,0.0014123916625976562
0,0,0,N,0.0013086795806884766
43,0,0,N,0.0013086795806884766
0,-1.5916157281026244e-12,0.009999999999990905,Y,0.006591796875
44,0.11802635416188778,0.009999999999990905,Y,0.006591796875
0,0,0,N,0.001440286636352539
45,0,0,N,0.001440286636352539
0,0,0,N,0.0012047290802001953
46,0,0,N,0.0012047290802001953
0,-1.5916157281026244e-12,0.04674718631356711,Y,0.005325794219970703
47,0.06634007475670756,0.04674718631356711,Y,0.005325794219970703
0,0,0,N,0.0010464191436767578
48,0,0,N,0.0010464191436767578
0,0,0,N,0.0012938976287841797
49,0,0,N,0.0012938976287841797
0,-1.5916157281026244e-12,0.09933429101211289,Y,0.0038385391235351562
50,0.025833005821673468,0.09933429101211289,Y,0.0038385391235351562
0,-1.5916157281026244e-12,0.01763065849661416,Y,0.004719734191894531
51,0.02236692560332669,0.01763065849661416,Y,0.004719734191894531
0,-1.5916157281026244e-12,1.4785513130417343,Y,0.0017879009246826172
52,4.954930399229215,1.4785513130417343,Y,0.0017879009246826172
0,0,0,N,0.001064300537109375
53,0,0,N,0.001064300537109375
0,0,0,N,0.0008425712585449219
54,0,0,N,0.0008425712585449219
0,0,0,N,0.0014843940734863281
55,0,0,N,0.0014843940734863281
0,-1.5916157281026244e-12,0.058190871272103095,Y,0.00398564338684082
56,0.2280941690091398,0.058190871272103095,Y,0.00398564338684082
0,-1.5916157281026244e-12,0.08883503351340494,Y,0.003405332565307617
57,0.5271066490841967,0.08883503351340494,Y,0.003405332565307617
0,0,0,N,0.0042150020599365234
58,0,0,N,0.0042150020599365234
0,0,0,N,0.0011522769927978516
59,0,0,N,0.0011522769927978516
0,0,0,N,0.0010333061218261719
60,0,0,N,0.0010333061218261719
0,-1.5916157281026244e-12,0.10727409320416825,Y,0.0019078254699707031
61,0.029074865199755107,0.10727409320416825,Y,0.0019078254699707031
0,0,0,N,0.001207113265991211
62,0,0,N,0.001207113265991211
0,-1.5916157281026244e-12,0.21204635356080814,Y,0.0047969818115234375
63,1.0607331922068817,0.21204635356080814,Y,0.0047969818115234375
0,-1.5916157281026244e-12,0.0819841823096823,Y,0.003242969512939453
64,0.11370792660528362,0.0819841823096823,Y,0.003242969512939453
0,0,0,N,0.0008511543273925781
65,0,0,N,0.0008511543273925781
0,-1.5916157281026244e-12,0.27750921015145025,Y,0.0055158138275146484
66,0.33229462169686436,0.27750921015145025,Y,0.0055158138275146484
0,-1.5916157281026244e-12,1.3162238916426645,Y,0.005025386810302734
67,4.896177082881552,1.3162238916426645,Y,0.005025386810302734
0,0,0,N,0.006232500076293945
68,0,0,N,0.006232500076293945
0,-1.5916157281026244e-12,0.009999999999990905,Y,0.0020673274993896484
69,0.03652722306498333,0.009999999999990905,Y,0.0020673274993896484
0,0,0,N,0.0008678436279296875
70,0,0,N,0.0008678436279296875
0,-1.5916157281026244e-12,0.3030553493115775,Y,0.0067157745361328125
71,0.8807666956586908,0.3030553493115775,Y,0.0067157745361328125
0,-1.5916157281026244e-12,0.6056275892932348,Y,0.006230354309082031
72,0.5516517652252503,0.6056275892932348,Y,0.006230354309082031
0,-1.5916157281026244e-12,0.5157131325480009,Y,0.0036940574645996094
73,0.3256475621898623,0.5157131325480009,Y,0.0036940574645996094
1,5.0,0.3755497796471019,Y,0.0012807846069335938
2,4.597662499311229,0.3755497796471019,Y,0.0012807846069335938
1,4.743129782047442,0.22437084543562946,Y,0.0012285709381103516
3,0.0,0.22437084543562946,Y,0.0012285709381103516
1,4.743129782047442,0.22437084543562946,Y,0.0012428760528564453
4,0.0,0.22437084543562946,Y,0.0012428760528564453
1,4.741764755138781,0.8700238810859844,Y,0.0012385845184326172
5,5.0,0.8700238810859844,Y,0.0012385845184326172
1,4.743129782047442,0.22437084543562946,Y,0.0012280941009521484
6,0.0,0.22437084543562946,Y,0.0012280941009521484
1,4.743129782047442,0.22437084543562946,Y,0.00122833251953125
7,0.0,0.22437084543562946,Y,0.00122833251953125
1,4.743129782047442,0.22437084543562946,Y,0.0012290477752685547
8,0.0,0.22437084543562946,Y,0.0012290477752685547
1,5.0,0.34450728788823426,Y,0.0012423992156982422
9,4.493830247840658,0.34450728788823426,Y,0.0012423992156982422
1,4.743129782047442,0.22437084543562946,Y,0.0012412071228027344
10,0.0,0.22437084543562946,Y,0.0012412071228027344
1,4.741691944508334,0.9044630589120999,Y,0.0012481212615966797
11,5.0,0.9044630589120999,Y,0.0012481212615966797
1,4.743129782047442,0.22437084543562946,Y,0.001245260238647461
12,0.0,0.22437084543562946,Y,0.001245260238647461
1,4.743129782047442,0.22437084543562946,Y,0.0012421607971191406
13,0.0,0.22437084543562946,Y,0.0012421607971191406
1,4.743129782047442,0.22437084543562946,Y,0.0012412071228027344
14,0.0,0.22437084543562946,Y,0.0012412071228027344
1,4.741310473802961,1.0848973913364546,Y,0.0012423992156982422
15,5.0,1.0848973913364546,Y,0.0012423992156982422
1,4.743129782047442,0.22437084543562946,Y,0.0012240409851074219
16,0.0,0.22437084543562946,Y,0.0012240409851074219
1,4.743129782047442,0.22437084543562946,Y,0.001230001449584961
17,0.0,0.22437084543562946,Y,0.001230001449584961
1,4.742231451691856,0.6492780156072371,Y,0.001238107681274414
18,5.0,0.6492780156072371,Y,0.001238107681274414
1,4.743129782047442,0.22437084543562946,Y,0.0012240409851074219
19,0.0,0.22437084543562946,Y,0.0012240409851074219
1,4.7425992117424585,0.47532877573337373,Y,0.0012400150299072266
20,5.0,0.47532877573337373,Y,0.0012400150299072266
1,4.7425287047302875,0.5086783501733834,Y,0.0012373924255371094
21,5.0,0.5086783501733834,Y,0.0012373924255371094
1,5.0,0.32858575379695765,Y,0.0012402534484863281
22,4.4165760591217165,0.32858575379695765,Y,0.0012402534484863281
1,4.743129782047442,0.22437084543562946,Y,0.0012276172637939453
23,0.0,0.22437084543562946,Y,0.0012276172637939453
1,4.74213441959628,0.6951738632897104,Y,0.0012319087982177734
24,5.0,0.6951738632897104,Y,0.0012319087982177734
1,4.741501220686401,0.9946747712244388,Y,0.0012400150299072266
25,5.0,0.9946747712244388,Y,0.0012400150299072266
1,4.743129782047442,0.22437084543562946,Y,0.0012297630310058594
26,0.0,0.22437084543562946,Y,0.0012297630310058594
1,4.742246571207487,0.6421265367489752,Y,0.0012505054473876953
27,5.0,0.6421265367489752,Y,0.0012505054473876953
1,4.743129782047442,0.22437084543562946,Y,0.0012364387512207031
28,0.0,0.22437084543562946,Y,0.0012364387512207031
1,4.7413674812954545,1.0579330433737084,Y,0.0012488365173339844
29,5.0,1.0579330433737084,Y,0.0012488365173339844
1,4.742359661094845,0.5886354086238867,Y,0.0012445449829101562
30,5.0,0.5886354086238867,Y,0.0012445449829101562
1,4.743129782047442,0.22437084543562946,Y,0.0012359619140625
31,0.0,0.22437084543562946,Y,0.0012359619140625
1,5.0,0.3216790987719804,Y,0.0012392997741699219
32,4.3752018238693875,0.3216790987719804,Y,0.0012392997741699219
1,4.8902188614901325,0.23132880413071177,Y,0.0012423992156982422
33,0.0,0.23132880413071177,Y,0.0012423992156982422
1,4.742583635953189,0.4826960704966723,Y,0.0012390613555908203
34,5.0,0.4826960704966723,Y,0.0012390613555908203
1,4.740645831722832,1.3992708106996616,Y,0.0012683868408203125
35,5.0,1.3992708106996616,Y,0.0012683868408203125
1,4.734963398848028,4.087042028540608,Y,0.0012335777282714844
36,5.0,4.087042028540608,Y,0.0012335777282714844
1,4.742759555994647,0.3994864955779178,Y,0.0066030025482177734
37,0.5688676553469145,0.3994864955779178,Y,0.0066030025482177734
1,4.742786102446912,0.38693011490694573,Y,0.0019099712371826172
38,0.4844681564505473,0.38693011490694573,Y,0.0019099712371826172
1,4.74292866586984,0.31949810589634353,Y,0.0017616748809814453
39,0.48356886563633816,0.31949810589634353,Y,0.0017616748809814453
1,4.742625456334395,0.4629151740149382,Y,0.00469660758972168
40,0.21336920767760498,0.4629151740149382,Y,0.00469660758972168
1,4.743129782047244,0.22437084543551578,Y,0.003741741180419922
41,0.0,0.22437084543551578,Y,0.003741741180419922
1,4.743129782047447,0.22437084543562946,Y,0.0028867721557617188
42,0.0,0.22437084543562946,Y,0.0028867721557617188
1,4.743129782046113,0.22437084543715002,Y,0.00507664680480957
43,-3.8746783559417963e-13,0.22437084543715002,Y,0.00507664680480957
1,4.819881663365021,0.24253443479523185,Y,0.006742715835571289
44,0.17152638668951425,0.24253443479523185,Y,0.006742715835571289
1,4.743129782047447,0.22437084543560104,Y,0.001867055892944336
45,0.0,0.22437084543560104,Y,0.001867055892944336
1,4.743129782047447,0.22437084543560104,Y,0.0018994808197021484
46,0.0,0.22437084543560104,Y,0.0018994808197021484
1,4.743005310483075,0.2832454676807572,Y,0.0045855045318603516
47,0.0835587713997169,0.2832454676807572,Y,0.0045855045318603516
1,4.743129782047447,0.22437084543562946,Y,0.0015976428985595703
48,0.0,0.22437084543562946,Y,0.0015976428985595703
1,4.743129782046851,0.22437084543558683,Y,0.0019276142120361328
49,0.0,0.22437084543558683,Y,0.0019276142120361328
1,4.742894131864839,0.3358325723792319,Y,0.003656148910522461
50,0.02898978167185008,0.3358325723792319,Y,0.003656148910522461
1,4.743066868070904,0.2541289398638611,Y,0.008646249771118164
51,0.03775602883254298,0.2541289398638611,Y,0.008646249771118164
1,4.739978218450208,1.7150495944086686,Y,0.0025205612182617188
52,5.0,1.7150495944086686,Y,0.0025205612182617188
1,4.743129782032341,0.22437084543827268,Y,0.00431060791015625
53,-1.7173484856414234e-12,0.22437084543827268,Y,0.00431060791015625
1,4.743129782047449,0.22437084543560104,Y,0.0022954940795898438
54,0.0,0.22437084543560104,Y,0.0022954940795898438
1,4.743129782043799,0.2243708454354305,Y,0.00356292724609375
55,0.0,0.2243708454354305,Y,0.00356292724609375
1,4.74298111646884,0.29468915263922213,Y,0.006277322769165039
56,0.27565835632028923,0.29468915263922213,Y,0.006277322769165039
1,4.742916329186319,0.3253333148805666,Y,0.0037622451782226562
57,0.5991252457338281,0.3253333148805666,Y,0.0037622451782226562
1,4.743129782046253,0.22437084543557262,Y,0.008226156234741211
58,0.0,0.22437084543557262,Y,0.008226156234741211
1,4.7431297820472205,0.22437084543557262,Y,0.002559185028076172
59,0.0,0.22437084543557262,Y,0.002559185028076172
1,4.743129782047449,0.22437084543557262,Y,0.0019481182098388672
60,0.0,0.22437084543557262,Y,0.0019481182098388672
1,4.742877345690239,0.3437723745712873,Y,0.006185054779052734
61,0.03236504223542183,0.3437723745712873,Y,0.006185054779052734
1,4.743129782045512,0.22437084543551578,Y,0.002001523971557617
62,0.0,0.22437084543551578,Y,0.002001523971557617
1,4.742655838243896,0.44854463492787033,Y,0.004867076873779297
63,1.2156906222125914,0.44854463492787033,Y,0.004867076873779297
1,4.7429308131213075,0.3184824636768724,Y,0.0016188621520996094
64,0.13054112279812446,0.3184824636768724,Y,0.0016188621520996094
1,4.743129782047449,0.22437084543560104,Y,0.0012664794921875
65,0.0,0.22437084543560104,Y,0.0012664794921875
1,4.7425174379652715,0.5140074915185693,Y,0.004693508148193359
66,0.35947243957209846,0.5140074915185693,Y,0.004693508148193359
1,4.740321407881179,1.5527221730097551,Y,0.004544734954833984
67,5.0,1.5527221730097551,Y,0.004544734954833984
1,4.7431297820459815,0.22437084543562946,Y,0.006705284118652344
68,-9.619249841108513e-13,0.22437084543562946,Y,0.006705284118652344
1,4.743099012368475,0.23892479782514897,Y,0.004710197448730469
69,0.053166863227328214,0.23892479782514897,Y,0.004710197448730469
1,4.7431297820471485,0.22437084543577157,Y,0.0012717247009277344
70,-2.318145675417327e-13,0.22437084543577157,Y,0.0012717247009277344
1,4.786716488403573,0.5395536306787676,Y,0.006987810134887695
71,0.901711287179126,0.5395536306787676,Y,0.006987810134887695
1,4.7418237365614,0.8421258706603538,Y,0.0054743289947509766
72,0.5630195166970698,0.8421258706603538,Y,0.0054743289947509766
1,4.742013831932324,0.7522114139151768,Y,0.00363922119140625
73,0.335901148403997,0.7522114139151768,Y,0.00363922119140625
2,4.598444679325112,0.1390514982800397,Y,0.0012557506561279297
3,0.0,0.1390514982800397,Y,0.0012557506561279297
2,4.598444679325112,0.1390514982800397,Y,0.0012447834014892578
4,0.0,0.1390514982800397,Y,0.0012447834014892578
2,4.596309285795102,0.7847045339303804,Y,0.0012645721435546875
5,5.0,0.7847045339303804,Y,0.0012645721435546875
2,4.598444679325112,0.1390514982800397,Y,0.0012412071228027344
6,0.0,0.1390514982800397,Y,0.0012412071228027344
2,4.598444679325112,0.1390514982800397,Y,0.0012259483337402344
7,0.0,0.1390514982800397,Y,0.0012259483337402344
2,4.598444679325112,0.1390514982800397,Y,0.001245737075805664
8,0.0,0.1390514982800397,Y,0.001245737075805664
2,5.0,0.2591879407326303,Y,0.001247406005859375
9,4.494185341371576,0.2591879407326303,Y,0.001247406005859375
2,4.598444679325112,0.1390514982800397,Y,0.0012259483337402344
10,0.0,0.1390514982800397,Y,0.0012259483337402344
2,4.596195383755874,0.8191437117565101,Y,0.0012469291687011719
11,5.0,0.8191437117565101,Y,0.0012469291687011719
2,4.598444679325112,0.1390514982800397,Y,0.0012352466583251953
12,0.0,0.1390514982800397,Y,0.0012352466583251953
2,4.598444679325112,0.1390514982800397,Y,0.0012302398681640625
13,0.0,0.1390514982800397,Y,0.0012302398681640625
2,4.598444679325112,0.1390514982800397,Y,0.0012314319610595703
14,0.0,0.1390514982800397,Y,0.0012314319610595703
2,4.595598626233517,0.9995780441808648,Y,0.0012516975402832031
15,5.0,0.9995780441808648,Y,0.0012516975402832031
2,4.598444679325112,0.1390514982800397,Y,0.0012259483337402344
16,0.0,0.1390514982800397,Y,0.0012259483337402344
2,4.598444679325112,0.1390514982800397,Y,0.00124359130859375
17,0.0,0.1390514982800397,Y,0.00124359130859375
2,4.597039367226736,0.5639586684516331,Y,0.001308441162109375
18,5.0,0.5639586684516331,Y,0.001308441162109375
2,4.598444679325112,0.1390514982800397,Y,0.0012388229370117188
19,0.0,0.1390514982800397,Y,0.0012388229370117188
2,4.597614676349318,0.390009428577784,Y,0.001241445541381836
20,5.0,0.390009428577784,Y,0.001241445541381836
2,4.597504377997496,0.4233590030177794,Y,0.0012421607971191406
21,5.0,0.4233590030177794,Y,0.0012421607971191406
2,5.0,0.24326640664135368,Y,0.0012569427490234375
22,4.416985402412549,0.24326640664135368,Y,0.0012569427490234375
2,4.598444679325112,0.1390514982800397,Y,0.0012319087982177734
23,0.0,0.1390514982800397,Y,0.0012319087982177734
2,4.596887574095233,0.6098545161341065,Y,0.0012466907501220703
24,5.0,0.6098545161341065,Y,0.0012466907501220703
2,4.595897023032476,0.9093554240688349,Y,0.0012402534484863281
25,5.0,0.9093554240688349,Y,0.0012402534484863281
2,4.598444679325112,0.1390514982800397,Y,0.0012407302856445312
26,0.0,0.1390514982800397,Y,0.0012407302856445312
2,4.597063019592595,0.5568071895933713,Y,0.0012524127960205078
27,5.0,0.5568071895933713,Y,0.0012524127960205078
2,4.598444679325112,0.1390514982800397,Y,0.0012450218200683594
28,0.0,0.1390514982800397,Y,0.0012450218200683594
2,4.595687806475924,0.9726136962181187,Y,0.001249074935913086
29,5.0,0.9726136962181187,Y,0.001249074935913086
2,4.597239932892126,0.503316061468297,Y,0.0012526512145996094
30,5.0,0.503316061468297,Y,0.0012526512145996094
2,4.598444679325112,0.1390514982800397,Y,0.0012278556823730469
31,0.0,0.1390514982800397,Y,0.0012278556823730469
2,5.0,0.23635975161639067,Y,0.0012412071228027344
32,4.3756402211496885,0.23635975161639067,Y,0.0012412071228027344
2,4.828544955382547,0.14600945697513623,Y,0.0012483596801757812
33,0.0,0.14600945697513623,Y,0.0012483596801757812
2,4.597590310207221,0.39737672334108254,Y,0.0012388229370117188
34,5.0,0.39737672334108254,Y,0.0012388229370117188
2,4.5945588867321465,1.3139514635440719,Y,0.00124359130859375
35,5.0,1.3139514635440719,Y,0.00124359130859375
2,4.585669515895162,4.001722681385004,Y,0.0012390613555908203
36,5.0,4.001722681385004,Y,0.0012390613555908203
2,4.597865512491126,0.31416714842242754,Y,0.0068819522857666016
37,0.5688676553469145,0.31416714842242754,Y,0.0068819522857666016
2,4.597907040700079,0.3016107677513986,Y,0.0019161701202392578
38,0.4844681564505473,0.3016107677513986,Y,0.0019161701202392578
2,4.598130061221241,0.2341787587407822,Y,0.0017657279968261719
39,0.48356886563633816,0.2341787587407822,Y,0.0017657279968261719
2,4.5976557323454585,0.3775958268595474,Y,0.005204200744628906
40,0.21336920767760498,0.3775958268595474,Y,0.005204200744628906
2,4.598444679325382,0.13905149827996865,Y,0.0038077831268310547
41,0.0,0.13905149827996865,Y,0.0038077831268310547
2,4.59844467932777,0.13905149828005392,Y,0.001657724380493164
42,0.0,0.13905149828005392,Y,0.001657724380493164
2,4.598444679326178,0.13905149828163132,Y,0.003504037857055664
43,-3.8746783559417963e-13,0.13905149828163132,Y,0.003504037857055664
2,4.718512254339146,0.15721508763972736,Y,0.00665593147277832
44,0.17152638668951425,0.15721508763972736,Y,0.00665593147277832
2,4.5984446793260645,0.13905149827996865,Y,0.0018177032470703125
45,0.0,0.13905149827996865,Y,0.0018177032470703125
2,4.598444679328736,0.13905149828009655,Y,0.0016293525695800781
46,0.0,0.13905149828009655,Y,0.0016293525695800781
2,4.598249960987971,0.19792612052513903,Y,0.00500035285949707
47,0.0835587713997169,0.19792612052513903,Y,0.00500035285949707
2,4.598444679329077,0.13905149828011076,Y,0.001485586166381836
48,0.0,0.13905149828011076,Y,0.001485586166381836
2,4.59844467932777,0.1390514982800255,Y,0.0018401145935058594
49,0.0,0.1390514982800255,Y,0.0018401145935058594
2,4.598076037600833,0.250513225223699,Y,0.0023186206817626953
50,0.02898978167185008,0.250513225223699,Y,0.0023186206817626953
2,4.598346259221614,0.16880959270827134,Y,0.005177974700927734
51,0.03775602883254298,0.16880959270827134,Y,0.005177974700927734
2,4.593514499221669,1.6297302472532635,Y,0.0018112659454345703
52,5.0,1.6297302472532635,Y,0.0018112659454345703
2,4.598444679329077,0.1390514982817166,Y,0.0015361309051513672
53,-1.7173484856414234e-12,0.1390514982817166,Y,0.0015361309051513672
2,4.598444679329077,0.13905149828009655,Y,0.001271963119506836
54,0.0,0.13905149828009655,Y,0.001271963119506836
2,4.598444679327997,0.13905149828006813,Y,0.0021278858184814453
55,0.0,0.13905149828006813,Y,0.0021278858184814453
2,4.5982121128416225,0.20936980548376027,Y,0.00482177734375
56,0.27565835632028923,0.20936980548376027,Y,0.00482177734375
2,4.59811076220501,0.2400139677250337,Y,0.0036568641662597656
57,0.5991252457338281,0.2400139677250337,Y,0.0036568641662597656
2,4.59844467932777,0.13905149828009655,Y,0.009530305862426758
58,0.0,0.13905149828009655,Y,0.009530305862426758
2,4.5984446793329425,0.13905149828019603,Y,0.0023429393768310547
59,0.0,0.13905149828019603,Y,0.0023429393768310547
2,4.598444679329077,0.13905149828012497,Y,0.0019297599792480469
60,0.0,0.13905149828012497,Y,0.0019297599792480469
2,4.598049777982567,0.25845302741583964,Y,0.005365133285522461
61,0.03236504223542183,0.25845302741583964,Y,0.005365133285522461
2,4.598444679328054,0.13905149828013919,Y,0.007013797760009766
62,0.0,0.13905149828013919,Y,0.007013797760009766
2,4.597703260591004,0.3632252877724369,Y,0.006691455841064453
63,1.2156906222125914,0.3632252877724369,Y,0.006691455841064453
2,4.598133420293209,0.23316311652126842,Y,0.0025382041931152344
64,0.13054112279812446,0.23316311652126842,Y,0.0025382041931152344
2,4.598444679329077,0.13905149828009655,Y,0.0015218257904052734
65,0.0,0.13905149828009655,Y,0.0015218257904052734
2,4.5974867527232846,0.428688144363079,Y,0.005834341049194336
66,0.35947243957209846,0.428688144363079,Y,0.005834341049194336
2,4.594051371044543,1.4674028258540943,Y,0.004436492919921875
67,5.0,1.4674028258540943,Y,0.004436492919921875
2,4.5984446793260645,0.13905149828012497,Y,0.007261753082275391
68,-9.619249841108513e-13,0.13905149828012497,Y,0.007261753082275391
2,4.598396544471768,0.1536054506696587,Y,0.00574493408203125
69,0.053166863227328214,0.1536054506696587,Y,0.00574493408203125
2,4.598444679328566,0.1390514982802813,Y,0.0013167858123779297
70,-2.318145675417327e-13,0.1390514982802813,Y,0.0013167858123779297
2,4.666629980394077,0.45423428352317785,Y,0.006508827209472656
71,0.901711287179126,0.45423428352317785,Y,0.006508827209472656
2,4.59640155397949,0.7568065235048209,Y,0.005457162857055664
72,0.5630195166970698,0.7568065235048209,Y,0.005457162857055664
2,4.596698931577976,0.6668920667596296,Y,0.003644227981567383
73,0.335901148403997,0.6668920667596296,Y,0.003644227981567383
3,0,0,N,0.0008251667022705078
4,0,0,N,0.0008251667022705078
3,0.0,0.633525599718908,Y,0.0012323856353759766
5,4.905593346438838,0.633525599718908,Y,0.0012323856353759766
3,0,0,N,0.0008213520050048828
6,0,0,N,0.0008213520050048828
3,0,0,N,0.0008120536804199219
7,0,0,N,0.0008120536804199219
3,0,0,N,0.0008156299591064453
8,0,0,N,0.0008156299591064453
3,0.0,0.10800900652115786,Y,0.0012340545654296875
9,4.494814538188992,0.10800900652115786,Y,0.0012340545654296875
3,0,0,N,0.0008165836334228516
10,0,0,N,0.0008165836334228516
3,0.0,0.6679647775450377,Y,0.0012400150299072266
11,4.910348683843056,0.6679647775450377,Y,0.0012400150299072266
3,0,0,N,0.0008177757263183594
12,0,0,N,0.0008177757263183594
3,0,0,N,0.0008127689361572266
13,0,0,N,0.0008127689361572266
3,0,0,N,0.0008132457733154297
14,0,0,N,0.0008132457733154297
3,0.0,0.8483991099693924,Y,0.0012249946594238281
15,4.929041841296691,0.8483991099693924,Y,0.0012249946594238281
3,0,0,N,0.0008165836334228516
16,0,0,N,0.0008165836334228516
3,0,0,N,0.0008161067962646484
17,0,0,N,0.0008161067962646484
3,0.0,0.4127797342401749,Y,0.00122833251953125
18,4.856807383363407,0.4127797342401749,Y,0.00122833251953125
3,0,0,N,0.0008149147033691406
19,0,0,N,0.0008149147033691406
3,0.0,0.23883049436631154,Y,0.0012412071228027344
20,4.7579012751957475,0.23883049436631154,Y,0.0012412071228027344
3,0.0,0.27218006880630696,Y,0.0012240409851074219
21,4.786241064062051,0.27218006880630696,Y,0.0012240409851074219
3,0.0,0.09208747242988125,Y,0.0012319087982177734
22,4.417710725386348,0.09208747242988125,Y,0.0012319087982177734
3,0,0,N,0.0008153915405273438
23,0,0,N,0.0008153915405273438
3,0.0,0.45867558192264823,Y,0.0012211799621582031
24,4.8707176565566,0.45867558192264823,Y,0.0012211799621582031
3,0.0,0.7581764898573624,Y,0.0012326240539550781
25,4.920789358771749,0.7581764898573624,Y,0.0012326240539550781
3,0,0,N,0.0008144378662109375
26,0,0,N,0.0008144378662109375
3,0.0,0.40562825538189884,Y,0.0012280941009521484
27,4.8543646560651705,0.40562825538189884,Y,0.0012280941009521484
3,0,0,N,0.0008130073547363281
28,0,0,N,0.0008130073547363281
3,0.0,0.8214347620066178,Y,0.0012431144714355469
29,4.926762637281793,0.8214347620066178,Y,0.0012431144714355469
3,0.0,0.35213712725682456,Y,0.001230478286743164
30,4.833051978241257,0.35213712725682456,Y,0.001230478286743164
3,0,0,N,0.0008130073547363281
31,0,0,N,0.0008130073547363281
3,0.0,0.08518081740491823,Y,0.0012307167053222656
32,4.3764170254253285,0.08518081740491823,Y,0.0012307167053222656
3,0,0,N,0.0008118152618408203
33,0,0,N,0.0008118152618408203
3,0.0,0.2461977891296101,Y,0.0012278556823730469
34,4.764791539279069,0.2461977891296101,Y,0.0012278556823730469
3,0.0,1.1627725293325994,Y,0.0012297630310058594
35,4.947894656794563,1.1627725293325994,Y,0.0012297630310058594
3,0.0,3.850543747173532,Y,0.00122833251953125
36,4.983803319370095,3.850543747173532,Y,0.00122833251953125
3,-5.343281372915953e-12,0.16298821421123932,Y,0.007887601852416992
37,0.5273683923372176,0.16298821421123932,Y,0.007887601852416992
3,-5.343281372915953e-12,0.15043183354032408,Y,0.0019218921661376953
38,0.4482804663197296,0.15043183354032408,Y,0.0019218921661376953
3,-5.343281372915953e-12,0.08299982452963661,Y,0.0018160343170166016
39,0.42187819966784484,0.08299982452963661,Y,0.0018160343170166016
3,-5.343281372915953e-12,0.22641689264827392,Y,0.006072998046875
40,0.18973280778282825,0.22641689264827392,Y,0.006072998046875
3,0,0,N,0.001516103744506836
41,0,0,N,0.001516103744506836
3,0,0,N,0.0010895729064941406
42,0,0,N,0.0010895729064941406
3,0,0,N,0.0012459754943847656
43,0,0,N,0.0012459754943847656
3,-5.343281372915953e-12,0.009999999999990905,Y,0.008162736892700195
44,0.11802635415484986,0.009999999999990905,Y,0.008162736892700195
3,0,0,N,0.0010585784912109375
45,0,0,N,0.0010585784912109375
3,0,0,N,0.0012259483337402344
46,0,0,N,0.0012259483337402344
3,-5.343281372915953e-12,0.046747186314078704,Y,0.0021276473999023438
47,0.06634007475667514,0.046747186314078704,Y,0.0021276473999023438
3,0,0,N,0.0010221004486083984
48,0,0,N,0.0010221004486083984
3,0,0,N,0.0013039112091064453
49,0,0,N,0.0013039112091064453
3,-5.343281372915953e-12,0.09933429101261027,Y,0.0026895999908447266
50,0.02583300582168002,0.09933429101261027,Y,0.0026895999908447266
3,-5.343281372915953e-12,0.017630658497196805,Y,0.005981922149658203
51,0.022366925603262547,0.017630658497196805,Y,0.005981922149658203
3,-5.343281372915953e-12,1.4785513130420043,Y,0.0024938583374023438
52,4.954930399228537,1.4785513130420043,Y,0.0024938583374023438
3,0,0,N,0.0010144710540771484
53,0,0,N,0.0010144710540771484
3,0,0,N,0.0008432865142822266
54,0,0,N,0.0008432865142822266
3,0,0,N,0.0012919902801513672
55,0,0,N,0.0012919902801513672
3,-5.343281372915953e-12,0.05819087127238731,Y,0.0047342777252197266
56,0.22809416900853569,0.05819087127238731,Y,0.0047342777252197266
3,-5.343281372915953e-12,0.08883503351385968,Y,0.0055866241455078125
57,0.5271066490840306,0.08883503351385968,Y,0.0055866241455078125
3,0,0,N,0.002878904342651367
58,0,0,N,0.002878904342651367
3,0,0,N,0.0016925334930419922
59,0,0,N,0.0016925334930419922
3,0,0,N,0.0013980865478515625
60,0,0,N,0.0013980865478515625
3,-5.343281372915953e-12,0.10727409320458037,Y,0.004938840866088867
61,0.029074865199745836,0.10727409320458037,Y,0.004938840866088867
3,0,0,N,0.0013523101806640625
62,0,0,N,0.0013523101806640625
3,-5.343281372915953e-12,0.21204635356119184,Y,0.005449533462524414
63,1.0607331922057255,0.21204635356119184,Y,0.005449533462524414
3,-5.343281372915953e-12,0.08198418231017968,Y,0.002700328826904297
64,0.11370792660526452,0.08198418231017968,Y,0.002700328826904297
3,0,0,N,0.0008547306060791016
65,0,0,N,0.0008547306060791016
3,-5.343281372915953e-12,0.27750921015183394,Y,0.004781961441040039
66,0.3322946216968643,0.27750921015183394,Y,0.004781961441040039
3,-5.343281372915953e-12,1.3162238916428635,Y,0.004621982574462891
67,4.8961770828804765,1.3162238916428635,Y,0.004621982574462891
3,0,0,N,0.001483917236328125
68,0,0,N,0.001483917236328125
3,-5.343281372915953e-12,0.009999999999990905,Y,0.002445220947265625
69,0.03652722306336269,0.009999999999990905,Y,0.002445220947265625
3,0,0,N,0.0008630752563476562
70,0,0,N,0.0008630752563476562
3,-5.343281372915953e-12,0.3030553493121033,Y,0.008654594421386719
71,0.8807666956587303,0.3030553493121033,Y,0.008654594421386719
3,-5.343281372915953e-12,0.6056275892938316,Y,0.007948875427246094
72,0.5516517652253613,0.6056275892938316,Y,0.007948875427246094
3,-5.343281372915953e-12,0.5157131325485267,Y,0.005648136138916016
73,0.3256475621898862,0.5157131325485267,Y,0.005648136138916016
4,0.0,0.633525599718908,Y,0.0024340152740478516
5,4.905593346438838,0.633525599718908,Y,0.0024340152740478516
4,0,0,N,0.0013148784637451172
6,0,0,N,0.0013148784637451172
4,0,0,N,0.0011608600616455078
7,0,0,N,0.0011608600616455078
4,0,0,N,0.0010890960693359375
8,0,0,N,0.0010890960693359375
4,0.0,0.10800900652115786,Y,0.0015573501586914062
9,4.494814538188992,0.10800900652115786,Y,0.0015573501586914062
4,0,0,N,0.0009708404541015625
10,0,0,N,0.0009708404541015625
4,0.0,0.6679647775450377,Y,0.0013473033905029297
11,4.910348683843056,0.6679647775450377,Y,0.0013473033905029297
4,0,0,N,0.0009024143218994141
12,0,0,N,0.0009024143218994141
4,0,0,N,0.0008180141448974609
13,0,0,N,0.0008180141448974609
4,0,0,N,0.0008306503295898438
14,0,0,N,0.0008306503295898438
4,0.0,0.8483991099693924,Y,0.0012485980987548828
15,4.929041841296691,0.8483991099693924,Y,0.0012485980987548828
4,0,0,N,0.0007903575897216797
16,0,0,N,0.0007903575897216797
4,0,0,N,0.000823974609375
17,0,0,N,0.000823974609375
4,0.0,0.4127797342401749,Y,0.0012471675872802734
18,4.856807383363407,0.4127797342401749,Y,0.0012471675872802734
4,0,0,N,0.0008318424224853516
19,0,0,N,0.0008318424224853516
4,0.0,0.23883049436631154,Y,0.0012392997741699219
20,4.7579012751957475,0.23883049436631154,Y,0.0012392997741699219
4,0.0,0.27218006880630696,Y,0.0012476444244384766
21,4.786241064062051,0.27218006880630696,Y,0.0012476444244384766
4,0.0,0.09208747242988125,Y,0.0012290477752685547
22,4.417710725386348,0.09208747242988125,Y,0.0012290477752685547
4,0,0,N,0.0007877349853515625
23,0,0,N,0.0007877349853515625
4,0.0,0.45867558192264823,Y,0.0012316703796386719
24,4.8707176565566,0.45867558192264823,Y,0.0012316703796386719
4,0.0,0.7581764898573624,Y,0.0012402534484863281
25,4.920789358771749,0.7581764898573624,Y,0.0012402534484863281
4,0,0,N,0.0007905960083007812
26,0,0,N,0.0007905960083007812
4,0.0,0.40562825538189884,Y,0.0012395381927490234
27,4.8543646560651705,0.40562825538189884,Y,0.0012395381927490234
4,0,0,N,0.0008199214935302734
28,0,0,N,0.0008199214935302734
4,0.0,0.8214347620066178,Y,0.0012371540069580078
29,4.926762637281793,0.8214347620066178,Y,0.0012371540069580078
4,0.0,0.35213712725682456,Y,0.0012390613555908203
30,4.833051978241257,0.35213712725682456,Y,0.0012390613555908203
4,0,0,N,0.0007891654968261719
31,0,0,N,0.0007891654968261719
4,0.0,0.08518081740491823,Y,0.0012314319610595703
32,4.3764170254253285,0.08518081740491823,Y,0.0012314319610595703
4,0,0,N,0.0008192062377929688
33,0,0,N,0.0008192062377929688
4,0.0,0.2461977891296101,Y,0.0012423992156982422
34,4.764791539279069,0.2461977891296101,Y,0.0012423992156982422
4,0.0,1.1627725293325994,Y,0.0012345314025878906
35,4.947894656794563,1.1627725293325994,Y,0.0012345314025878906
4,0.0,3.850543747173532,Y,0.0012366771697998047
36,4.983803319370095,3.850543747173532,Y,0.0012366771697998047
4,0.0,0.16298821421084142,Y,0.007062196731567383
37,0.5273683923372176,0.16298821421084142,Y,0.007062196731567383
4,0.0,0.15043183353985512,Y,0.003229856491088867
38,0.4482804663197296,0.15043183353985512,Y,0.003229856491088867
4,0.0,0.08299982452933818,Y,0.0035049915313720703
39,0.4218781996682782,0.08299982452933818,Y,0.0035049915313720703
4,0.0,0.22641689264783338,Y,0.007436275482177734
40,0.18973280778282484,0.22641689264783338,Y,0.007436275482177734
4,0,0,N,0.0022776126861572266
41,0,0,N,0.0022776126861572266
4,0,0,N,0.0017497539520263672
42,0,0,N,0.0017497539520263672
4,0,0,N,0.0013725757598876953
43,0,0,N,0.0013725757598876953
4,0.0,0.009999999999990905,Y,0.006859302520751953
44,0.11802635416054841,0.009999999999990905,Y,0.006859302520751953
4,0,0,N,0.002004384994506836
45,0,0,N,0.002004384994506836
4,0,0,N,0.0018315315246582031
46,0,0,N,0.0018315315246582031
4,0.0,0.046747186313595535,Y,0.006083965301513672
47,0.06634007475679315,0.046747186313595535,Y,0.006083965301513672
4,0,0,N,0.0013585090637207031
48,0,0,N,0.0013585090637207031
4,0,0,N,0.001489400863647461
49,0,0,N,0.001489400863647461
4,0.0,0.09933429101205604,Y,0.002183198928833008
50,0.025833005821668018,0.09933429101205604,Y,0.002183198928833008
4,0.0,0.01763065849675627,Y,0.0062923431396484375
51,0.022366925603335586,0.01763065849675627,Y,0.0062923431396484375
4,0.0,1.4785513130415353,Y,0.0025107860565185547
52,4.954930399228485,1.4785513130415353,Y,0.0025107860565185547
4,0,0,N,0.0009815692901611328
53,0,0,N,0.0009815692901611328
4,0,0,N,0.0008306503295898438
54,0,0,N,0.0008306503295898438
4,0,0,N,0.0011801719665527344
55,0,0,N,0.0011801719665527344
4,0.0,0.058190871272103095,Y,0.004042387008666992
56,0.22809416900903617,0.058190871272103095,Y,0.004042387008666992
4,0.0,0.08883503351341915,Y,0.0029935836791992188
57,0.5271066490840306,0.08883503351341915,Y,0.0029935836791992188
4,0,0,N,0.0016036033630371094
58,0,0,N,0.0016036033630371094
4,0,0,N,0.0011720657348632812
59,0,0,N,0.0011720657348632812
4,0,0,N,0.0009589195251464844
60,0,0,N,0.0009589195251464844
4,0.0,0.10727409320419667,Y,0.004537105560302734
61,0.0290748651997458,0.10727409320419667,Y,0.004537105560302734
4,0,0,N,0.0011882781982421875
62,0,0,N,0.0011882781982421875
4,0.0,0.21204635356077972,Y,0.0037965774536132812
63,1.0607331922067011,0.21204635356077972,Y,0.0037965774536132812
4,0.0,0.08198418230971072,Y,0.001718282699584961
64,0.11370792660524476,0.08198418230971072,Y,0.001718282699584961
4,0,0,N,0.0008313655853271484
65,0,0,N,0.0008313655853271484
4,1.6919798895287386e-13,0.27750921015145025,Y,0.003901243209838867
66,0.332294621696869,0.27750921015145025,Y,0.003901243209838867
4,0.0,1.316223891642636,Y,0.004427194595336914
67,4.896177082881075,1.316223891642636,Y,0.004427194595336914
4,0,0,N,0.004466533660888672
68,0,0,N,0.004466533660888672
4,0.0,0.009999999999990905,Y,0.0022988319396972656
69,0.03652722306489205,0.009999999999990905,Y,0.0022988319396972656
4,0,0,N,0.0008518695831298828
70,0,0,N,0.0008518695831298828
4,0.0,0.3030553493116628,Y,0.006679534912109375
71,0.8807666956587498,0.3030553493116628,Y,0.006679534912109375
4,0.0,0.6056275892933058,Y,0.005551338195800781
72,0.5516517652253159,0.6056275892933058,Y,0.005551338195800781
4,0.0,0.5157131325480435,Y,0.0034143924713134766
73,0.3256475621898862,0.5157131325480435,Y,0.0034143924713134766
5,4.905593346438838,0.633525599718908,Y,0.001285552978515625
6,0.0,0.633525599718908,Y,0.001285552978515625
5,4.905593346438838,0.633525599718908,Y,0.0012440681457519531
7,0.0,0.633525599718908,Y,0.0012440681457519531
5,4.905593346438838,0.633525599718908,Y,0.0012354850769042969
8,0.0,0.633525599718908,Y,0.0012354850769042969
5,5.0,0.7536620421715128,Y,0.0012471675872802734
9,4.492127372568573,0.7536620421715128,Y,0.0012471675872802734
5,4.905593346438838,0.633525599718908,Y,0.0012230873107910156
10,0.0,0.633525599718908,Y,0.0012230873107910156
5,4.9050666764038375,1.3136178131953784,Y,0.0012371540069580078
11,5.0,1.3136178131953784,Y,0.0012371540069580078
5,4.905593346438838,0.633525599718908,Y,0.0012352466583251953
12,0.0,0.633525599718908,Y,0.0012352466583251953
5,4.905593346438838,0.633525599718908,Y,0.0012288093566894531
13,0.0,0.633525599718908,Y,0.0012288093566894531
5,4.905593346438838,0.633525599718908,Y,0.0012252330780029297
14,0.0,0.633525599718908,Y,0.0012252330780029297
5,4.904926946299229,1.494052145619733,Y,0.0012388229370117188
15,5.0,1.494052145619733,Y,0.0012388229370117188
5,4.905593346438838,0.633525599718908,Y,0.0012214183807373047
16,0.0,0.633525599718908,Y,0.0012214183807373047
5,4.905593346438838,0.633525599718908,Y,0.001238107681274414
17,0.0,0.633525599718908,Y,0.001238107681274414
5,5.0,1.0584327698905156,Y,0.0012378692626953125
18,4.85604762560771,1.0584327698905156,Y,0.0012378692626953125
5,4.905593346438838,0.633525599718908,Y,0.0012288093566894531
19,0.0,0.633525599718908,Y,0.0012288093566894531
5,5.0,0.8844835300166523,Y,0.0012514591217041016
20,4.756614898161931,0.8844835300166523,Y,0.0012514591217041016
5,5.0,0.9178331044566619,Y,0.001251220703125
21,4.785105580430637,0.9178331044566619,Y,0.001251220703125
5,5.0,0.7377405080802362,Y,0.0012519359588623047
22,4.414613025421974,0.7377405080802362,Y,0.0012519359588623047
5,4.905593346438838,0.633525599718908,Y,0.0012350082397460938
23,0.0,0.633525599718908,Y,0.0012350082397460938
5,5.0,1.104328617572989,Y,0.0012507438659667969
24,4.87003196316521,1.104328617572989,Y,0.0012507438659667969
5,4.904996815575169,1.4038295255077173,Y,0.0012514591217041016
25,5.0,1.4038295255077173,Y,0.0012514591217041016
5,4.905593346438838,0.633525599718908,Y,0.001222848892211914
26,0.0,0.633525599718908,Y,0.001222848892211914
5,5.0,1.0512812910322396,Y,0.0012385845184326172
27,4.853591892163442,1.0512812910322396,Y,0.0012385845184326172
5,4.905593346438838,0.633525599718908,Y,0.0012249946594238281
28,0.0,0.633525599718908,Y,0.0012249946594238281
5,4.9049478277529746,1.467087797656987,Y,0.0012385845184326172
29,5.0,1.467087797656987,Y,0.0012385845184326172
5,5.0,0.9977901629071653,Y,0.0012416839599609375
30,4.832165736342887,0.9977901629071653,Y,0.0012416839599609375
5,4.905593346438838,0.633525599718908,Y,0.0012280941009521484
31,0.0,0.633525599718908,Y,0.0012280941009521484
5,5.0,0.7308338530552589,Y,0.0012507438659667969
32,4.373099459782946,0.7308338530552589,Y,0.0012507438659667969
5,4.95947106802516,0.6404835584140045,Y,0.00124359130859375
33,0.0,0.6404835584140045,Y,0.00124359130859375
5,5.0,0.8918508247799508,Y,0.0012488365173339844
34,4.763541849017838,0.8918508247799508,Y,0.0012488365173339844
5,4.904683492461028,1.8084255649829402,Y,0.0012335777282714844
35,5.0,1.8084255649829402,Y,0.0012335777282714844
5,4.902602056248897,4.496196782823887,Y,0.0012395381927490234
36,5.0,4.496196782823887,Y,0.0012395381927490234
5,4.905457735173902,0.8086412498612816,Y,0.00647425651550293
37,0.5688676553469145,0.8086412498612816,Y,0.00647425651550293
5,4.905467458957118,0.7960848691902527,Y,0.003142118453979492
38,0.4844681564505473,0.7960848691902527,Y,0.003142118453979492
5,4.905519678961512,0.728652860179622,Y,0.0034537315368652344
39,0.48356886563633816,0.728652860179622,Y,0.0034537315368652344
5,4.905408615387203,0.8720699282982025,Y,0.005443096160888672
40,0.21336920767760498,0.8720699282982025,Y,0.005443096160888672
5,4.9055933464382555,0.6335255997188227,Y,0.00578761100769043
41,0.0,0.6335255997188227,Y,0.00578761100769043
5,4.905593346438622,0.6335255997188796,Y,0.0029904842376708984
42,0.0,0.6335255997188796,Y,0.0029904842376708984
5,4.905593346438333,0.6335255997204143,Y,0.00476384162902832
43,-3.8746783559417963e-13,0.6335255997204143,Y,0.00476384162902832
5,5.0,0.6516891890785814,Y,0.007247447967529297
44,0.0704804012775746,0.6516891890785814,Y,0.007247447967529297
5,4.905593346438859,0.6335255997189222,Y,0.002240896224975586
45,0.0,0.6335255997189222,Y,0.002240896224975586
5,4.905593346438223,0.6335255997187659,Y,0.0019528865814208984
46,0.0,0.6335255997187659,Y,0.0019528865814208984
5,4.905547753358178,0.6924002219640357,Y,0.00409698486328125
47,0.0835587713997169,0.6924002219640357,Y,0.00409698486328125
5,4.905593346438842,0.633525599718908,Y,0.0015048980712890625
48,0.0,0.633525599718908,Y,0.0015048980712890625
5,4.905593346438227,0.6335255997187943,Y,0.0019290447235107422
49,0.0,0.6335255997187943,Y,0.0019290447235107422
5,4.905507029391707,0.744987326662482,Y,0.004529476165771484
50,0.02898978167185008,0.744987326662482,Y,0.004529476165771484
5,4.905570301480902,0.6632836941472249,Y,0.009318351745605469
51,0.03775602883254298,0.6632836941472249,Y,0.009318351745605469
5,4.9044389502951535,2.1242043486919187,Y,0.002695798873901367
52,5.0,2.1242043486919187,Y,0.002695798873901367
5,4.905593346438552,0.6335255997222191,Y,0.0025391578674316406
53,-1.7173484856414234e-12,0.6335255997222191,Y,0.0025391578674316406
5,4.90559334643884,0.6335255997188796,Y,0.0016667842864990234
54,0.0,0.6335255997188796,Y,0.0016667842864990234
5,4.905593346438558,0.6335255997187232,Y,0.0043375492095947266
55,0.0,0.6335255997187232,Y,0.0043375492095947266
5,4.9055388912569065,0.7038439069225291,Y,0.0066986083984375
56,0.27565835632028923,0.7038439069225291,Y,0.0066986083984375
5,4.905515160119019,0.7344880691638451,Y,0.003773212432861328
57,0.5991252457338281,0.7344880691638451,Y,0.003773212432861328
5,4.905593346438877,0.633525599718908,Y,0.008934259414672852
58,0.0,0.633525599718908,Y,0.008934259414672852
5,4.905593346438223,0.6335255997187517,Y,0.002645254135131836
59,0.0,0.6335255997187517,Y,0.002645254135131836
5,4.90559334643884,0.6335255997188511,Y,0.0020127296447753906
60,0.0,0.6335255997188511,Y,0.0020127296447753906
5,4.905500880731431,0.75292712885458,Y,0.004406929016113281
61,0.03236504223542183,0.75292712885458,Y,0.004406929016113281
5,4.905593346438949,0.6335255997188654,Y,0.0038979053497314453
62,0.0,0.6335255997188654,Y,0.0038979053497314453
5,5.0,0.8576993892111631,Y,0.004117250442504883
63,1.0599096536834895,0.8576993892111631,Y,0.004117250442504883
5,4.905520465484882,0.7276372179601083,Y,0.0019409656524658203
64,0.13054112279812446,0.7276372179601083,Y,0.0019409656524658203
5,4.90559334643884,0.6335255997188796,Y,0.0012552738189697266
65,0.0,0.6335255997188796,Y,0.0012552738189697266
5,4.9053690489988915,0.9231622458018762,Y,0.004663705825805664
66,0.35947243957209846,0.9231622458018762,Y,0.004663705825805664
5,5.0,1.9618769272930479,Y,0.00429987907409668
67,4.895630274310464,1.9618769272930479,Y,0.00429987907409668
5,4.9055933464381125,0.6335255997188938,Y,0.005181550979614258
68,-9.619249841108513e-13,0.6335255997188938,Y,0.005181550979614258
5,4.905582075716527,0.6480795521084275,Y,0.005738258361816406
69,0.053166863227328214,0.6480795521084275,Y,0.005738258361816406
5,4.90559334643884,0.6335255997190643,Y,0.0012912750244140625
70,-2.318145675417327e-13,0.6335255997190643,Y,0.0012912750244140625
5,4.921558858214723,0.9487083849621172,Y,0.006856203079223633
71,0.901711287179126,0.9487083849621172,Y,0.006856203079223633
5,4.905114950929904,1.2512806249436892,Y,0.005727052688598633
72,0.5630195166970698,1.2512806249436892,Y,0.005727052688598633
5,4.905184581560917,1.1613661681984127,Y,0.006451845169067383
73,0.335901148403997,1.1613661681984127,Y,0.006451845169067383
6,0,0,N,0.0012426376342773438
7,0,0,N,0.0012426376342773438
6,0,0,N,0.001093149185180664
8,0,0,N,0.001093149185180664
6,0.0,0.10800900652115786,Y,0.0015723705291748047
9,4.494814538188992,0.10800900652115786,Y,0.0015723705291748047
6,0,0,N,0.0010328292846679688
10,0,0,N,0.0010328292846679688
6,0.0,0.6679647775450377,Y,0.0013530254364013672
11,4.910348683843056,0.6679647775450377,Y,0.0013530254364013672
6,0,0,N,0.0008490085601806641
12,0,0,N,0.0008490085601806641
6,0,0,N,0.0008196830749511719
13,0,0,N,0.0008196830749511719
6,0,0,N,0.0008161067962646484
14,0,0,N,0.0008161067962646484
6,0.0,0.8483991099693924,Y,0.001238107681274414
15,4.929041841296691,0.8483991099693924,Y,0.001238107681274414
6,0,0,N,0.0008156299591064453
16,0,0,N,0.0008156299591064453
6,0,0,N,0.0008127689361572266
17,0,0,N,0.0008127689361572266
6,0.0,0.4127797342401749,Y,0.0012392997741699219
18,4.856807383363407,0.4127797342401749,Y,0.0012392997741699219
6,0,0,N,0.0008172988891601562
19,0,0,N,0.0008172988891601562
6,0.0,0.23883049436631154,Y,0.001249074935913086
20,4.7579012751957475,0.23883049436631154,Y,0.001249074935913086
6,0.0,0.27218006880630696,Y,0.0012352466583251953
21,4.786241064062051,0.27218006880630696,Y,0.0012352466583251953
6,0.0,0.09208747242988125,Y,0.00124359130859375
22,4.417710725386348,0.09208747242988125,Y,0.00124359130859375
6,0,0,N,0.0008165836334228516
23,0,0,N,0.0008165836334228516
6,0.0,0.45867558192264823,Y,0.0012447834014892578
24,4.8707176565566,0.45867558192264823,Y,0.0012447834014892578
6,0.0,0.7581764898573624,Y,0.0012364387512207031
25,4.920789358771749,0.7581764898573624,Y,0.0012364387512207031
6,0,0,N,0.0008165836334228516
26,0,0,N,0.0008165836334228516
6,0.0,0.40562825538189884,Y,0.001241445541381836
27,4.8543646560651705,0.40562825538189884,Y,0.001241445541381836
6,0,0,N,0.0008206367492675781
28,0,0,N,0.0008206367492675781
6,0.0,0.8214347620066178,Y,0.0012328624725341797
29,4.926762637281793,0.8214347620066178,Y,0.0012328624725341797
6,0.0,0.35213712725682456,Y,0.0012466907501220703
30,4.833051978241257,0.35213712725682456,Y,0.0012466907501220703
6,0,0,N,0.0008194446563720703
31,0,0,N,0.0008194446563720703
6,0.0,0.08518081740491823,Y,0.0012509822845458984
32,4.3764170254253285,0.08518081740491823,Y,0.0012509822845458984
6,0,0,N,0.0008180141448974609
33,0,0,N,0.0008180141448974609
6,0.0,0.2461977891296101,Y,0.0012547969818115234
34,4.764791539279069,0.2461977891296101,Y,0.0012547969818115234
6,0.0,1.1627725293325994,Y,0.0012516975402832031
35,4.947894656794563,1.1627725293325994,Y,0.0012516975402832031
6,0.0,3.850543747173532,Y,0.0012536048889160156
36,4.983803319370095,3.850543747173532,Y,0.0012536048889160156
6,-1.6200374375330284e-12,0.16298821421072773,Y,0.007954597473144531
37,0.5273683923374164,0.16298821421072773,Y,0.007954597473144531
6,-1.6200374375330284e-12,0.15043183353975564,Y,0.003631591796875
38,0.4482804663197296,0.15043183353975564,Y,0.003631591796875
6,-1.6200374375330284e-12,0.08299982452911081,Y,0.003488779067993164
39,0.42187819966770035,0.08299982452911081,Y,0.003488779067993164
6,-1.6200374375330284e-12,0.22641689264783338,Y,0.007375955581665039
40,0.18973280778276952,0.22641689264783338,Y,0.007375955581665039
6,0,0,N,0.0025322437286376953
41,0,0,N,0.0025322437286376953
6,0,0,N,0.0013990402221679688
42,0,0,N,0.0013990402221679688
6,0,0,N,0.0012631416320800781
43,0,0,N,0.0012631416320800781
6,-1.6200374375330284e-12,0.009999999999990905,Y,0.006245851516723633
44,0.11802635416155027,0.009999999999990905,Y,0.006245851516723633
6,0,0,N,0.0014636516571044922
45,0,0,N,0.0014636516571044922
6,0,0,N,0.0011560916900634766
46,0,0,N,0.0011560916900634766
6,-1.6200374375330284e-12,0.04674718631348185,Y,0.0049664974212646484
47,0.06634007475664705,0.04674718631348185,Y,0.0049664974212646484
6,0,0,N,0.0010762214660644531
48,0,0,N,0.0010762214660644531
6,0,0,N,0.0013117790222167969
49,0,0,N,0.0013117790222167969
6,-1.6200374375330284e-12,0.09933429101209867,Y,0.0036287307739257812
50,0.025833005821673468,0.09933429101209867,Y,0.0036287307739257812
6,-1.6200374375330284e-12,0.017630658496528895,Y,0.00474095344543457
51,0.02236692560332669,0.017630658496528895,Y,0.00474095344543457
6,-1.6200374375330284e-12,1.47855131304145,Y,0.0018050670623779297
52,4.954930399228746,1.47855131304145,Y,0.0018050670623779297
6,0,0,N,0.001074075698852539
53,0,0,N,0.001074075698852539
6,0,0,N,0.0008454322814941406
54,0,0,N,0.0008454322814941406
6,0,0,N,0.001546621322631836
55,0,0,N,0.001546621322631836
6,-1.6200374375330284e-12,0.058190871272074673,Y,0.004039287567138672
56,0.22809416900880558,0.058190871272074673,Y,0.004039287567138672
6,-1.6200374375330284e-12,0.0888350335133623,Y,0.002959012985229492
57,0.5271066490842197,0.0888350335133623,Y,0.002959012985229492
6,0,0,N,0.004572153091430664
58,0,0,N,0.004572153091430664
6,0,0,N,0.0011510848999023438
59,0,0,N,0.0011510848999023438
6,0,0,N,0.0010342597961425781
60,0,0,N,0.0010342597961425781
6,-1.6200374375330284e-12,0.10727409320418246,Y,0.0019228458404541016
61,0.029074865199755107,0.10727409320418246,Y,0.0019228458404541016
6,0,0,N,0.001222848892211914
62,0,0,N,0.001222848892211914
6,-1.6200374375330284e-12,0.21204635356080814,Y,0.004835367202758789
63,1.0607331922068817,0.21204635356080814,Y,0.004835367202758789
6,-1.6200374375330284e-12,0.08198418230965387,Y,0.0029363632202148438
64,0.11370792660528894,0.08198418230965387,Y,0.0029363632202148438
6,0,0,N,0.0008547306060791016
65,0,0,N,0.0008547306060791016
6,-1.6200374375330284e-12,0.2775092101514218,Y,0.005411386489868164
66,0.3322946216967373,0.2775092101514218,Y,0.005411386489868164
6,-1.6200374375330284e-12,1.3162238916425224,Y,0.007066249847412109
67,4.8961770828811595,1.3162238916425224,Y,0.007066249847412109
6,0,0,N,0.008662223815917969
68,0,0,N,0.008662223815917969
6,-1.6200374375330284e-12,0.009999999999990905,Y,0.0034627914428710938
69,0.03652722306507463,0.009999999999990905,Y,0.0034627914428710938
6,0,0,N,0.001233816146850586
70,0,0,N,0.001233816146850586
6,-1.6200374375330284e-12,0.30305534931152067,Y,0.008113861083984375
71,0.8807666956586908,0.30305534931152067,Y,0.008113861083984375
6,-1.6200374375330284e-12,0.6056275892931495,Y,0.006571292877197266
72,0.5516517652252503,0.6056275892931495,Y,0.006571292877197266
6,-1.6200374375330284e-12,0.5157131325479583,Y,0.004006385803222656
73,0.3256475621898717,0.5157131325479583,Y,0.004006385803222656
7,0,0,N,0.0008690357208251953
8,0,0,N,0.0008690357208251953
7,0.0,0.10800900652115786,Y,0.0012500286102294922
9,4.494814538188992,0.10800900652115786,Y,0.0012500286102294922
7,0,0,N,0.0008156299591064453
10,0,0,N,0.0008156299591064453
7,0.0,0.6679647775450377,Y,0.0012373924255371094
11,4.910348683843056,0.6679647775450377,Y,0.0012373924255371094
7,0,0,N,0.0008187294006347656
12,0,0,N,0.0008187294006347656
7,0,0,N,0.0008211135864257812
13,0,0,N,0.0008211135864257812
7,0,0,N,0.0008144378662109375
14,0,0,N,0.0008144378662109375
7,0.0,0.8483991099693924,Y,0.0012362003326416016
15,4.929041841296691,0.8483991099693924,Y,0.0012362003326416016
7,0,0,N,0.0008127689361572266
16,0,0,N,0.0008127689361572266
7,0,0,N,0.0008199214935302734
17,0,0,N,0.0008199214935302734
7,0.0,0.4127797342401749,Y,0.0012373924255371094
18,4.856807383363407,0.4127797342401749,Y,0.0012373924255371094
7,0,0,N,0.0008172988891601562
19,0,0,N,0.0008172988891601562
7,0.0,0.23883049436631154,Y,0.0012371540069580078
20,4.7579012751957475,0.23883049436631154,Y,0.0012371540069580078
7,0.0,0.27218006880630696,Y,0.001238107681274414
21,4.786241064062051,0.27218006880630696,Y,0.001238107681274414
7,0.0,0.09208747242988125,Y,0.001239776611328125
22,4.417710725386348,0.09208747242988125,Y,0.001239776611328125
7,0,0,N,0.00081634521484375
23,0,0,N,0.00081634521484375
7,0.0,0.45867558192264823,Y,0.0012319087982177734
24,4.8707176565566,0.45867558192264823,Y,0.0012319087982177734
7,0.0,0.7581764898573624,Y,0.0012345314025878906
25,4.920789358771749,0.7581764898573624,Y,0.0012345314025878906
7,0,0,N,0.0008168220520019531
26,0,0,N,0.0008168220520019531
7,0.0,0.40562825538189884,Y,0.0012307167053222656
27,4.8543646560651705,0.40562825538189884,Y,0.0012307167053222656
7,0,0,N,0.0008175373077392578
28,0,0,N,0.0008175373077392578
7,0.0,0.8214347620066178,Y,0.0012383460998535156
29,4.926762637281793,0.8214347620066178,Y,0.0012383460998535156
7,0.0,0.35213712725682456,Y,0.0012347698211669922
30,4.833051978241257,0.35213712725682456,Y,0.0012347698211669922
7,0,0,N,0.00081634521484375
31,0,0,N,0.00081634521484375
7,0.0,0.08518081740491823,Y,0.0012309551239013672
32,4.3764170254253285,0.08518081740491823,Y,0.0012309551239013672
7,0,0,N,0.0008175373077392578
33,0,0,N,0.0008175373077392578
7,0.0,0.2461977891296101,Y,0.0012369155883789062
34,4.764791539279069,0.2461977891296101,Y,0.0012369155883789062
7,0.0,1.1627725293325994,Y,0.0012352466583251953
35,4.947894656794563,1.1627725293325994,Y,0.0012352466583251953
7,0.0,3.850543747173532,Y,0.0012371540069580078
36,4.983803319370095,3.850543747173532,Y,0.0012371540069580078
7,-5.8548721426632255e-12,0.16298821421098353,Y,0.006749868392944336
37,0.5273683923373356,0.16298821421098353,Y,0.006749868392944336
7,-5.8548721426632255e-12,0.15043183353992617,Y,0.0019147396087646484
38,0.44828046631968727,0.15043183353992617,Y,0.0019147396087646484
7,-5.8548721426632255e-12,0.08299982452939503,Y,0.0018017292022705078
39,0.42187819966806156,0.08299982452939503,Y,0.0018017292022705078
7,-5.8548721426632255e-12,0.22641689264806075,Y,0.004852294921875
40,0.18973280778271426,0.22641689264806075,Y,0.004852294921875
7,0,0,N,0.0040302276611328125
41,0,0,N,0.0040302276611328125
7,0,0,N,0.0015437602996826172
42,0,0,N,0.0015437602996826172
7,0,0,N,0.001308441162109375
43,0,0,N,0.001308441162109375
7,-5.8548721426632255e-12,0.009999999999990905,Y,0.006897449493408203
44,0.11802635415786611,0.009999999999990905,Y,0.006897449493408203
7,0,0,N,0.0010917186737060547
45,0,0,N,0.0010917186737060547
7,0,0,N,0.0011713504791259766
46,0,0,N,0.0011713504791259766
7,-5.8548721426632255e-12,0.04674718631369501,Y,0.002491474151611328
47,0.06634007475661063,0.04674718631369501,Y,0.002491474151611328
7,0,0,N,0.0010576248168945312
48,0,0,N,0.0010576248168945312
7,0,0,N,0.0012426376342773438
49,0,0,N,0.0012426376342773438
7,-5.8548721426632255e-12,0.09933429101224078,Y,0.0022416114807128906
50,0.025833005821666918,0.09933429101224078,Y,0.0022416114807128906
7,-5.8548721426632255e-12,0.017630658496884166,Y,0.004579782485961914
51,0.022366925603346327,0.017630658496884166,Y,0.004579782485961914
7,-5.8548721426632255e-12,1.478551313041791,Y,0.0018420219421386719
52,4.95493039922885,1.478551313041791,Y,0.0018420219421386719
7,0,0,N,0.0010755062103271484
53,0,0,N,0.0010755062103271484
7,0,0,N,0.0008454322814941406
54,0,0,N,0.0008454322814941406
7,0,0,N,0.001312255859375
55,0,0,N,0.001312255859375
7,-5.8548721426632255e-12,0.058190871272273625,Y,0.0047757625579833984
56,0.22809416900884205,0.058190871272273625,Y,0.0047757625579833984
7,-5.8548721426632255e-12,0.08883503351366073,Y,0.003011465072631836
57,0.5271066490842098,0.08883503351366073,Y,0.003011465072631836
7,0,0,N,0.0019159317016601562
58,0,0,N,0.0019159317016601562
7,0,0,N,0.00113677978515625
59,0,0,N,0.00113677978515625
7,0,0,N,0.0010538101196289062
60,0,0,N,0.0010538101196289062
7,-5.8548721426632255e-12,0.1072740932043672,Y,0.004387617111206055
61,0.029074865199744983,0.1072740932043672,Y,0.004387617111206055
7,0,0,N,0.0023398399353027344
62,0,0,N,0.0023398399353027344
7,-5.8548721426632255e-12,0.2120463535610071,Y,0.007683753967285156
63,1.0607331922068817,0.2120463535610071,Y,0.007683753967285156
7,-5.8548721426632255e-12,0.08198418230988125,Y,0.003948688507080078
64,0.11370792660528906,0.08198418230988125,Y,0.003948688507080078
7,0,0,N,0.001661062240600586
65,0,0,N,0.001661062240600586
7,-5.8548721426632255e-12,0.27750921015173446,Y,0.007709503173828125
66,0.33229462169688373,0.27750921015173446,Y,0.007709503173828125
7,-5.8548721426632255e-12,1.3162238916427498,Y,0.006674289703369141
67,4.896177082881169,1.3162238916427498,Y,0.006674289703369141
7,0,0,N,0.006994009017944336
68,0,0,N,0.006994009017944336
7,-5.8548721426632255e-12,0.009999999999990905,Y,0.0025033950805664062
69,0.036527223064145874,0.009999999999990905,Y,0.0025033950805664062
7,0,0,N,0.0010814666748046875
70,0,0,N,0.0010814666748046875
7,-5.8548721426632255e-12,0.30305534931174805,Y,0.007666587829589844
71,0.880766695658809,0.30305534931174805,Y,0.007666587829589844
7,-5.8548721426632255e-12,0.6056275892934337,Y,0.0059604644775390625
72,0.5516517652252896,0.6056275892934337,Y,0.0059604644775390625
7,-5.8548721426632255e-12,0.5157131325481714,Y,0.0037665367126464844
73,0.3256475621898858,0.5157131325481714,Y,0.0037665367126464844
8,0.0,0.10800900652115786,Y,0.001264333724975586
9,4.494814538188992,0.10800900652115786,Y,0.001264333724975586
8,0,0,N,0.0008206367492675781
10,0,0,N,0.0008206367492675781
8,0.0,0.6679647775450377,Y,0.001271963119506836
11,4.910348683843056,0.6679647775450377,Y,0.001271963119506836
8,0,0,N,0.0008709430694580078
12,0,0,N,0.0008709430694580078
8,0,0,N,0.000823974609375
13,0,0,N,0.000823974609375
8,0,0,N,0.0008168220520019531
14,0,0,N,0.0008168220520019531
8,0.0,0.8483991099693924,Y,0.0012464523315429688
15,4.929041841296691,0.8483991099693924,Y,0.0012464523315429688
8,0,0,N,0.0008304119110107422
16,0,0,N,0.0008304119110107422
8,0,0,N,0.0008158683776855469
17,0,0,N,0.0008158683776855469
8,0.0,0.4127797342401749,Y,0.0012366771697998047
18,4.856807383363407,0.4127797342401749,Y,0.0012366771697998047
8,0,0,N,0.0008180141448974609
19,0,0,N,0.0008180141448974609
8,0.0,0.23883049436631154,Y,0.0012383460998535156
20,4.7579012751957475,0.23883049436631154,Y,0.0012383460998535156
8,0.0,0.27218006880630696,Y,0.0012400150299072266
21,4.786241064062051,0.27218006880630696,Y,0.0012400150299072266
8,0.0,0.09208747242988125,Y,0.0012362003326416016
22,4.417710725386348,0.09208747242988125,Y,0.0012362003326416016
8,0,0,N,0.0008158683776855469
23,0,0,N,0.0008158683776855469
8,0.0,0.45867558192264823,Y,0.0012388229370117188
24,4.8707176565566,0.45867558192264823,Y,0.0012388229370117188
8,0.0,0.7581764898573624,Y,0.001249074935913086
25,4.920789358771749,0.7581764898573624,Y,0.001249074935913086
8,0,0,N,0.0008325576782226562
26,0,0,N,0.0008325576782226562
8,0.0,0.40562825538189884,Y,0.001247406005859375
27,4.8543646560651705,0.40562825538189884,Y,0.001247406005859375
8,0,0,N,0.0008318424224853516
28,0,0,N,0.0008318424224853516
8,0.0,0.8214347620066178,Y,0.001251220703125
29,4.926762637281793,0.8214347620066178,Y,0.001251220703125
8,0.0,0.35213712725682456,Y,0.0012478828430175781
30,4.833051978241257,0.35213712725682456,Y,0.0012478828430175781
8,0,0,N,0.0008282661437988281
31,0,0,N,0.0008282661437988281
8,0.0,0.08518081740491823,Y,0.0012497901916503906
32,4.3764170254253285,0.08518081740491823,Y,0.0012497901916503906
8,0,0,N,0.0008325576782226562
33,0,0,N,0.0008325576782226562
8,0.0,0.2461977891296101,Y,0.0012407302856445312
34,4.764791539279069,0.2461977891296101,Y,0.0012407302856445312
8,0.0,1.1627725293325994,Y,0.0012545585632324219
35,4.947894656794563,1.1627725293325994,Y,0.0012545585632324219
8,0.0,3.850543747173532,Y,0.001245260238647461
36,4.983803319370095,3.850543747173532,Y,0.001245260238647461
8,-1.5916157281026244e-12,0.162988214210813,Y,0.008317947387695312
37,0.5273683923373171,0.162988214210813,Y,0.008317947387695312
8,-1.5916157281026244e-12,0.15043183353941458,Y,0.0019233226776123047
38,0.4482804663196449,0.15043183353941458,Y,0.0019233226776123047
8,-1.5916157281026244e-12,0.08299982452905397,Y,0.0017933845520019531
39,0.42187819966770035,0.08299982452905397,Y,0.0017933845520019531
8,-1.5916157281026244e-12,0.22641689264754916,Y,0.005282402038574219
40,0.18973280778283516,0.22641689264754916,Y,0.005282402038574219
8,0,0,N,0.0017876625061035156
41,0,0,N,0.0017876625061035156
8,0,0,N,0.0010845661163330078
42,0,0,N,0.0010845661163330078
8,0,0,N,0.0010390281677246094
43,0,0,N,0.0010390281677246094
8,-1.5916157281026244e-12,0.009999999999990905,Y,0.006627321243286133
44,0.11802635416088236,0.009999999999990905,Y,0.006627321243286133
8,0,0,N,0.0013358592987060547
45,0,0,N,0.0013358592987060547
8,0,0,N,0.0011548995971679688
46,0,0,N,0.0011548995971679688
8,-1.5916157281026244e-12,0.046747186313595535,Y,0.005176544189453125
47,0.06634007475651404,0.046747186313595535,Y,0.005176544189453125
8,0,0,N,0.0010404586791992188
48,0,0,N,0.0010404586791992188
8,0,0,N,0.0013780593872070312
49,0,0,N,0.0013780593872070312
8,-1.5916157281026244e-12,0.09933429101178604,Y,0.004416465759277344
50,0.025833005821686565,0.09933429101178604,Y,0.004416465759277344
8,-1.5916157281026244e-12,0.017630658496571527,Y,0.0057277679443359375
51,0.02236692560338562,0.017630658496571527,Y,0.0057277679443359375
8,-1.5916157281026244e-12,1.4785513130417058,Y,0.002538442611694336
52,4.954930399229374,1.4785513130417058,Y,0.002538442611694336
8,0,0,N,0.0011069774627685547
53,0,0,N,0.0011069774627685547
8,0,0,N,0.000858306884765625
54,0,0,N,0.000858306884765625
8,0,0,N,0.0026977062225341797
55,0,0,N,0.0026977062225341797
8,-1.5916157281026244e-12,0.05819087127190414,Y,0.003911256790161133
56,0.22809416900886129,0.05819087127190414,Y,0.003911256790161133
8,-1.5916157281026244e-12,0.08883503351341915,Y,0.0030181407928466797
57,0.5271066490842151,0.08883503351341915,Y,0.0030181407928466797
8,0,0,N,0.014783143997192383
58,0,0,N,0.014783143997192383
8,0,0,N,0.0016138553619384766
59,0,0,N,0.0016138553619384766
8,0,0,N,0.0013794898986816406
60,0,0,N,0.0013794898986816406
8,-1.5916157281026244e-12,0.10727409320416825,Y,0.0024576187133789062
61,0.0290748651997349,0.10727409320416825,Y,0.0024576187133789062
8,0,0,N,0.001377105712890625
62,0,0,N,0.001377105712890625
8,-1.5916157281026244e-12,0.2120463535604955,Y,0.0048961639404296875
63,1.0607331922032568,0.2120463535604955,Y,0.0048961639404296875
8,-1.5916157281026244e-12,0.08198418230973914,Y,0.0035762786865234375
64,0.11370792660528795,0.08198418230973914,Y,0.0035762786865234375
8,0,0,N,0.0016927719116210938
65,0,0,N,0.0016927719116210938
8,-1.5916157281026244e-12,0.2775092101514218,Y,0.006569623947143555
66,0.3322946216970549,0.2775092101514218,Y,0.006569623947143555
8,-1.5916157281026244e-12,1.3162238916425508,Y,0.00630497932434082
67,4.896177082881079,1.3162238916425508,Y,0.00630497932434082
8,0,0,N,0.0021648406982421875
68,0,0,N,0.0021648406982421875
8,-1.5916157281026244e-12,0.009999999999990905,Y,0.0027894973754882812
69,0.03652722306516594,0.009999999999990905,Y,0.0027894973754882812
8,0,0,N,0.001027822494506836
70,0,0,N,0.001027822494506836
8,-1.5916157281026244e-12,0.3030553493115775,Y,0.007725715637207031
71,0.8807666956586908,0.3030553493115775,Y,0.007725715637207031
8,-1.5916157281026244e-12,0.6056275892931922,Y,0.006463050842285156
72,0.5516517652252371,0.6056275892931922,Y,0.006463050842285156
8,-1.5916157281026244e-12,0.515713132547944,Y,0.0036759376525878906
73,0.3256475621898623,0.515713132547944,Y,0.0036759376525878906
9,4.494814538188992,0.10800900652115786,Y,0.0012705326080322266
10,0.0,0.10800900652115786,Y,0.0012705326080322266
9,4.491984038967682,0.7881012199976425,Y,0.0012459754943847656
11,5.0,0.7881012199976425,Y,0.0012459754943847656
9,4.494814538188992,0.10800900652115786,Y,0.0012259483337402344
12,0.0,0.10800900652115786,Y,0.0012259483337402344
9,4.494814538188992,0.10800900652115786,Y,0.0012340545654296875
13,0.0,0.10800900652115786,Y,0.0012340545654296875
9,4.494814538188992,0.10800900652115786,Y,0.0012440681457519531
14,0.0,0.10800900652115786,Y,0.0012440681457519531
9,4.491233083101413,0.9685355524219972,Y,0.0012438297271728516
15,5.0,0.9685355524219972,Y,0.0012438297271728516
9,4.494814538188992,0.10800900652115786,Y,0.001232147216796875
16,0.0,0.10800900652115786,Y,0.001232147216796875
9,4.494814538188992,0.10800900652115786,Y,0.0012271404266357422
17,0.0,0.10800900652115786,Y,0.0012271404266357422
9,4.493046102393335,0.5329161766927655,Y,0.0012524127960205078
18,5.0,0.5329161766927655,Y,0.0012524127960205078
9,4.494814538188992,0.10800900652115786,Y,0.0012345314025878906
19,0.0,0.10800900652115786,Y,0.0012345314025878906
9,4.493770067729311,0.3589669368189021,Y,0.0012590885162353516
20,5.0,0.3589669368189021,Y,0.0012590885162353516
9,4.493631268986296,0.39231651125891176,Y,0.0012576580047607422
21,5.0,0.39231651125891176,Y,0.0012576580047607422
9,5.0,0.21222391488248604,Y,0.0012691020965576172
22,4.41713433739851,0.21222391488248604,Y,0.0012691020965576172
9,4.494814538188992,0.10800900652115786,Y,0.0012443065643310547
23,0.0,0.10800900652115786,Y,0.0012443065643310547
9,4.492855086883198,0.5788120243752388,Y,0.0012459754943847656
24,5.0,0.5788120243752388,Y,0.0012459754943847656
9,4.491608583733176,0.8783129323099672,Y,0.0012462139129638672
25,5.0,0.8783129323099672,Y,0.0012462139129638672
9,4.494814538188992,0.10800900652115786,Y,0.0012373924255371094
26,0.0,0.10800900652115786,Y,0.0012373924255371094
9,4.493075866379925,0.5257646978345036,Y,0.0012502670288085938
27,5.0,0.5257646978345036,Y,0.0012502670288085938
9,4.494814538188992,0.10800900652115786,Y,0.0012469291687011719
28,0.0,0.10800900652115786,Y,0.0012469291687011719
9,4.491345306950009,0.9415712044592368,Y,0.0012483596801757812
29,5.0,0.9415712044592368,Y,0.0012483596801757812
9,4.493298492948966,0.47227356970941514,Y,0.0012497901916503906
30,5.0,0.47227356970941514,Y,0.0012497901916503906
9,4.494814538188992,0.10800900652115786,Y,0.0012311935424804688
31,0.0,0.10800900652115786,Y,0.0012311935424804688
9,5.0,0.20531725985750882,Y,0.001241445541381836
32,4.375799727104327,0.20531725985750882,Y,0.001241445541381836
9,4.784371260412153,0.11496696521625438,Y,0.0012497901916503906
33,0.0,0.11496696521625438,Y,0.0012497901916503906
9,4.493739405531247,0.3663342315822007,Y,0.0012462139129638672
34,5.0,0.3663342315822007,Y,0.0012462139129638672
9,4.489924681532855,1.28290897178519,Y,0.001252889633178711
35,5.0,1.28290897178519,Y,0.001252889633178711
9,4.47873835387541,3.970680189626137,Y,0.0012521743774414062
36,5.0,3.970680189626137,Y,0.0012521743774414062
9,4.494085718332343,0.28312465666347464,Y,0.007231473922729492
37,0.5688676553469145,0.28312465666347464,Y,0.007231473922729492
9,4.494137977165593,0.27056827599248834,Y,0.003538846969604492
38,0.4844681564505473,0.27056827599248834,Y,0.003538846969604492
9,4.494418624768002,0.20313626698187193,Y,0.0017976760864257812
39,0.48356886563633816,0.20313626698187193,Y,0.0017976760864257812
9,4.493821732326779,0.34655333510050923,Y,0.005196571350097656
40,0.21336920767760498,0.34655333510050923,Y,0.005196571350097656
9,4.494814538186489,0.10800900652102996,Y,0.003905057907104492
41,0.0,0.10800900652102996,Y,0.003905057907104492
9,4.494814538190099,0.10800900652111523,Y,0.0016663074493408203
42,0.0,0.10800900652111523,Y,0.0016663074493408203
9,4.494814538189928,0.10800900652273526,Y,0.001584768295288086
43,-8.051337374581635e-13,0.10800900652273526,Y,0.001584768295288086
9,4.6459068100527645,0.1261725958808313,Y,0.006630659103393555
44,0.17152638668951425,0.1261725958808313,Y,0.006630659103393555
9,4.494814538193424,0.10800900652125733,Y,0.0017771720886230469
45,0.0,0.10800900652125733,Y,0.0017771720886230469
9,4.494814538189928,0.10800900652112944,Y,0.0016274452209472656
46,0.0,0.10800900652112944,Y,0.0016274452209472656
9,4.494569505871141,0.16688362876624296,Y,0.005129575729370117
47,0.0835587713997169,0.16688362876624296,Y,0.005129575729370117
9,4.4948145381910365,0.10800900652117207,Y,0.0014886856079101562
48,0.0,0.10800900652117207,Y,0.0014886856079101562
9,4.494814538190241,0.10800900652112944,Y,0.0018458366394042969
49,0.0,0.10800900652112944,Y,0.0018458366394042969
9,4.494350641786298,0.21947073346476031,Y,0.004286050796508789
50,0.02898978167185008,0.21947073346476031,Y,0.004286050796508789
9,4.494690686953675,0.13776710094937528,Y,0.005380392074584961
51,0.03775602883254298,0.13776710094937528,Y,0.005380392074584961
9,4.488610430937229,1.598687755494268,Y,0.0018231868743896484
52,5.0,1.598687755494268,Y,0.0018231868743896484
9,4.494814538191122,0.10800900652272105,Y,0.0015902519226074219
53,-1.7173484856414234e-12,0.10800900652272105,Y,0.0015902519226074219
9,4.494814538191122,0.10800900652115786,Y,0.0012617111206054688
54,0.0,0.10800900652115786,Y,0.0012617111206054688
9,4.494814538197829,0.10800900652139944,Y,0.0021572113037109375
55,-8.604228440844963e-16,0.10800900652139944,Y,0.0021572113037109375
9,4.494521878004036,0.17832731372479316,Y,0.005113363265991211
56,0.27565835632028923,0.17832731372479316,Y,0.005113363265991211
9,4.494394339010427,0.2089714759662087,Y,0.002698183059692383
57,0.5991252457338281,0.2089714759662087,Y,0.002698183059692383
9,4.494814538189075,0.10800900652111523,Y,0.005879640579223633
58,0.0,0.10800900652111523,Y,0.005879640579223633
9,4.494814538194504,0.10800900652120049,Y,0.0016665458679199219
59,0.0,0.10800900652120049,Y,0.0016665458679199219
9,4.494814538191122,0.10800900652115786,Y,0.0014374256134033203
60,0.0,0.10800900652115786,Y,0.0014374256134033203
9,4.494317596854415,0.22741053565691516,Y,0.001995563507080078
61,0.032365042235421804,0.22741053565691516,Y,0.001995563507080078
9,4.494814538188649,0.10800900652118628,Y,0.004074811935424805
62,0.0,0.10800900652118628,Y,0.004074811935424805
9,4.493881541566623,0.33218279601339873,Y,0.004628419876098633
63,1.2156906222125914,0.33218279601339873,Y,0.004628419876098633
9,4.4944228518031935,0.20212062476240078,Y,0.0019114017486572266
64,0.13054112279812446,0.20212062476240078,Y,0.0019114017486572266
9,4.494814538191122,0.10800900652115786,Y,0.001283884048461914
65,0.0,0.10800900652115786,Y,0.001283884048461914
9,4.493609089450615,0.39764565260408347,Y,0.004612922668457031
66,0.35947243957209846,0.39764565260408347,Y,0.004612922668457031
9,4.489286027019716,1.4363603340951556,Y,0.00424957275390625
67,5.0,1.4363603340951556,Y,0.00424957275390625
9,4.494814538188166,0.10800900652124312,Y,0.006959438323974609
68,-9.619249841108513e-13,0.10800900652124312,Y,0.006959438323974609
9,4.494753965594413,0.12256295891066316,Y,0.006346940994262695
69,0.053166863227328214,0.12256295891066316,Y,0.006346940994262695
9,4.494814538191122,0.10800900652135681,Y,0.0012760162353515625
70,-2.318145675417327e-13,0.10800900652135681,Y,0.0012760162353515625
9,4.580618486874442,0.4231917917642818,Y,0.006175518035888672
71,0.901711287179126,0.4231917917642818,Y,0.006175518035888672
9,4.492243482259454,0.7257640317458822,Y,0.00552058219909668
72,0.5630195166970698,0.7257640317458822,Y,0.00552058219909668
9,4.492617700338343,0.6358495750007336,Y,0.0035598278045654297
73,0.335901148403997,0.6358495750007336,Y,0.0035598278045654297
10,0.0,0.6679647775450377,Y,0.0012676715850830078
11,4.910348683843056,0.6679647775450377,Y,0.0012676715850830078
10,0,0,N,0.0008332729339599609
12,0,0,N,0.0008332729339599609
10,0,0,N,0.0008285045623779297
13,0,0,N,0.0008285045623779297
10,0,0,N,0.0008330345153808594
14,0,0,N,0.0008330345153808594
10,0.0,0.8483991099693924,Y,0.0012447834014892578
15,4.929041841296691,0.8483991099693924,Y,0.0012447834014892578
10,0,0,N,0.0008015632629394531
16,0,0,N,0.0008015632629394531
10,0,0,N,0.0008299350738525391
17,0,0,N,0.0008299350738525391
10,0.0,0.4127797342401749,Y,0.0013349056243896484
18,4.856807383363407,0.4127797342401749,Y,0.0013349056243896484
10,0,0,N,0.0008256435394287109
19,0,0,N,0.0008256435394287109
10,0.0,0.23883049436631154,Y,0.0012335777282714844
20,4.7579012751957475,0.23883049436631154,Y,0.0012335777282714844
10,0.0,0.27218006880630696,Y,0.0012271404266357422
21,4.786241064062051,0.27218006880630696,Y,0.0012271404266357422
10,0.0,0.09208747242988125,Y,0.0012354850769042969
22,4.417710725386348,0.09208747242988125,Y,0.0012354850769042969
10,0,0,N,0.0007886886596679688
23,0,0,N,0.0007886886596679688
10,0.0,0.45867558192264823,Y,0.0012316703796386719
24,4.8707176565566,0.45867558192264823,Y,0.0012316703796386719
10,0.0,0.7581764898573624,Y,0.001256704330444336
25,4.920789358771749,0.7581764898573624,Y,0.001256704330444336
10,0,0,N,0.0007863044738769531
26,0,0,N,0.0007863044738769531
10,0.0,0.40562825538189884,Y,0.0012428760528564453
27,4.8543646560651705,0.40562825538189884,Y,0.0012428760528564453
10,0,0,N,0.0008273124694824219
28,0,0,N,0.0008273124694824219
10,0.0,0.8214347620066178,Y,0.0012445449829101562
29,4.926762637281793,0.8214347620066178,Y,0.0012445449829101562
10,0.0,0.35213712725682456,Y,0.0012412071228027344
30,4.833051978241257,0.35213712725682456,Y,0.0012412071228027344
10,0,0,N,0.0008025169372558594
31,0,0,N,0.0008025169372558594
10,0.0,0.08518081740491823,Y,0.0012459754943847656
32,4.3764170254253285,0.08518081740491823,Y,0.0012459754943847656
10,0,0,N,0.000827789306640625
33,0,0,N,0.000827789306640625
10,0.0,0.2461977891296101,Y,0.0012395381927490234
34,4.764791539279069,0.2461977891296101,Y,0.0012395381927490234
10,0.0,1.1627725293325994,Y,0.0012493133544921875
35,4.947894656794563,1.1627725293325994,Y,0.0012493133544921875
10,0.0,3.850543747173532,Y,0.0012407302856445312
36,4.983803319370095,3.850543747173532,Y,0.0012407302856445312
10,0.0,0.16298821421084142,Y,0.009497642517089844
37,0.52736839233729,0.16298821421084142,Y,0.009497642517089844
10,0.0,0.15043183353985512,Y,0.0019693374633789062
38,0.4482804663197296,0.15043183353985512,Y,0.0019693374633789062
10,0.0,0.08299982452930976,Y,0.0018143653869628906
39,0.4218781996681338,0.08299982452930976,Y,0.0018143653869628906
10,0.0,0.22641689264783338,Y,0.005137920379638672
40,0.18973280778276955,0.22641689264783338,Y,0.005137920379638672
10,0,0,N,0.0023865699768066406
41,0,0,N,0.0023865699768066406
10,0,0,N,0.0017387866973876953
42,0,0,N,0.0017387866973876953
10,0,0,N,0.0014574527740478516
43,0,0,N,0.0014574527740478516
10,0.0,0.009999999999990905,Y,0.007400989532470703
44,0.11802635416054841,0.009999999999990905,Y,0.007400989532470703
10,0,0,N,0.001222848892211914
45,0,0,N,0.001222848892211914
10,0,0,N,0.0013992786407470703
46,0,0,N,0.0013992786407470703
10,0.0,0.0467471863135529,Y,0.0023157596588134766
47,0.06634007475664683,0.0467471863135529,Y,0.0023157596588134766
10,0,0,N,0.0011038780212402344
48,0,0,N,0.0011038780212402344
10,0,0,N,0.001222848892211914
49,0,0,N,0.001222848892211914
10,0.0,0.09933429101207025,Y,0.001844644546508789
50,0.025833005821668018,0.09933429101207025,Y,0.001844644546508789
10,0.0,0.01763065849678469,Y,0.00556182861328125
51,0.022366925603384775,0.01763065849678469,Y,0.00556182861328125
10,0.0,1.4785513130417058,Y,0.002725839614868164
52,4.954930399228999,1.4785513130417058,Y,0.002725839614868164
10,0,0,N,0.0019588470458984375
53,0,0,N,0.0019588470458984375
10,0,0,N,0.0013425350189208984
54,0,0,N,0.0013425350189208984
10,0,0,N,0.0018150806427001953
55,0,0,N,0.0018150806427001953
10,0.0,0.058190871272103095,Y,0.006226301193237305
56,0.22809416900895216,0.058190871272103095,Y,0.006226301193237305
10,0.0,0.08883503351344757,Y,0.004443645477294922
57,0.5271066490840239,0.08883503351344757,Y,0.004443645477294922
10,0,0,N,0.004525184631347656
58,0,0,N,0.004525184631347656
10,0,0,N,0.0012974739074707031
59,0,0,N,0.0012974739074707031
10,0,0,N,0.001043081283569336
60,0,0,N,0.001043081283569336
10,0.0,0.10727409320429615,Y,0.005303621292114258
61,0.029074865199768263,0.10727409320429615,Y,0.005303621292114258
10,0,0,N,0.0011501312255859375
62,0,0,N,0.0011501312255859375
10,0.0,0.21204635356083656,Y,0.004764080047607422
63,1.060733192206882,0.21204635356083656,Y,0.004764080047607422
10,0.0,0.08198418230971072,Y,0.004069805145263672
64,0.11370792660522067,0.08198418230971072,Y,0.004069805145263672
10,0,0,N,0.0008432865142822266
65,0,0,N,0.0008432865142822266
10,0.0,0.2775092101515355,Y,0.00487971305847168
66,0.3322946216969278,0.2775092101515355,Y,0.00487971305847168
10,0.0,1.316223891642636,Y,0.004253387451171875
67,4.896177082881074,1.316223891642636,Y,0.004253387451171875
10,0,0,N,0.0012760162353515625
68,0,0,N,0.0012760162353515625
10,0.0,0.009999999999990905,Y,0.006186962127685547
69,0.0365272230649245,0.009999999999990905,Y,0.006186962127685547
10,0,0,N,0.0008730888366699219
70,0,0,N,0.0008730888366699219
10,0.0,0.3030553493116628,Y,0.00660252571105957
71,0.88076669565875,0.3030553493116628,Y,0.00660252571105957
10,0.0,0.6056275892933058,Y,0.005857229232788086
72,0.5516517652252896,0.6056275892933058,Y,0.005857229232788086
10,0.0,0.5157131325480435,Y,0.004703521728515625
73,0.3256475621898977,0.5157131325480435,Y,0.004703521728515625
11,4.910348683843056,0.6679647775450377,Y,0.0012695789337158203
12,0.0,0.6679647775450377,Y,0.0012695789337158203
11,4.910348683843056,0.6679647775450377,Y,0.0012440681457519531
13,0.0,0.6679647775450377,Y,0.0012440681457519531
11,4.910348683843056,0.6679647775450377,Y,0.001234292984008789
14,0.0,0.6679647775450377,Y,0.001234292984008789
11,4.909716029528582,1.5284913234458628,Y,0.0012671947479248047
15,5.0,1.5284913234458628,Y,0.0012671947479248047
11,4.910348683843056,0.6679647775450377,Y,0.0012388229370117188
16,0.0,0.6679647775450377,Y,0.0012388229370117188
11,4.910348683843056,0.6679647775450377,Y,0.001247406005859375
17,0.0,0.6679647775450377,Y,0.001247406005859375
11,5.0,1.0928719477166453,Y,0.001291513442993164
18,4.856007100076243,1.0928719477166453,Y,0.001291513442993164
11,4.910348683843056,0.6679647775450377,Y,0.002384185791015625
19,0.0,0.6679647775450377,Y,0.002384185791015625
11,5.0,0.918922707842782,Y,0.002005338668823242
20,4.7565462827215885,0.918922707842782,Y,0.002005338668823242
11,5.0,0.9522722822827916,Y,0.0017704963684082031
21,4.785045013654846,0.9522722822827916,Y,0.0017704963684082031
11,5.0,0.7721796859063517,Y,0.001664876937866211
22,4.4144477938899715,0.7721796859063517,Y,0.001664876937866211
11,4.910348683843056,0.6679647775450377,Y,0.0015151500701904297
23,0.0,0.6679647775450377,Y,0.0015151500701904297
11,5.0,1.1387677953991187,Y,0.0014243125915527344
24,4.869995388232081,1.1387677953991187,Y,0.0014243125915527344
11,4.909782360695362,1.4382687033338328,Y,0.0013573169708251953
25,5.0,1.4382687033338328,Y,0.0013573169708251953
11,4.910348683843056,0.6679647775450377,Y,0.0012853145599365234
26,0.0,0.6679647775450377,Y,0.0012853145599365234
11,5.0,1.0857204688583693,Y,0.0012431144714355469
27,4.853550672883242,1.0857204688583693,Y,0.0012431144714355469
11,4.910348683843056,0.6679647775450377,Y,0.0012331008911132812
28,0.0,0.6679647775450377,Y,0.0012331008911132812
11,4.909735853566753,1.5015269754831166,Y,0.0012524127960205078
29,5.0,1.5015269754831166,Y,0.0012524127960205078
11,5.0,1.032229340733295,Y,0.001247406005859375
30,4.832118464138464,1.032229340733295,Y,0.001247406005859375
11,4.910348683843056,0.6679647775450377,Y,0.0012364387512207031
31,0.0,0.6679647775450377,Y,0.0012364387512207031
11,5.0,0.7652730308813886,Y,0.0012586116790771484
32,4.372922500601122,0.7652730308813886,Y,0.0012586116790771484
11,4.961498092418569,0.6749227362401342,Y,0.001255035400390625
33,0.0,0.6749227362401342,Y,0.001255035400390625
11,5.0,0.9262900026060805,Y,0.0012574195861816406
34,4.7634751904524935,0.9262900026060805,Y,0.0012574195861816406
11,4.90948490394508,1.8428647428090699,Y,0.0012345314025878906
35,5.0,1.8428647428090699,Y,0.0012345314025878906
11,4.907508869545161,4.530635960650002,Y,0.0012326240539550781
36,5.0,4.530635960650002,Y,0.0012326240539550781
11,4.910219939801664,0.8430804276882782,Y,0.006561279296875
37,0.5688676553469145,0.8430804276882782,Y,0.006561279296875
11,4.91022917118255,0.8305240470172635,Y,0.0019125938415527344
38,0.4844681564505473,0.8305240470172635,Y,0.0019125938415527344
11,4.910278746819131,0.7630920380066613,Y,0.00177001953125
39,0.48356886563633816,0.7630920380066613,Y,0.00177001953125
11,4.910173307390664,0.906509106125327,Y,0.004420280456542969
40,0.21336920767760498,0.906509106125327,Y,0.004420280456542969
11,4.910348683850202,0.6679647775458761,Y,0.0018286705017089844
41,0.0,0.6679647775458761,Y,0.0018286705017089844
11,4.910348683850202,0.6679647775459188,Y,0.001486063003540039
42,0.0,0.6679647775459188,Y,0.001486063003540039
11,4.910348683850316,0.6679647775475246,Y,0.0028862953186035156
43,-3.8746783559417963e-13,0.6679647775475246,Y,0.0028862953186035156
11,5.000000000007276,0.6861283669056206,Y,0.005696535110473633
44,0.0704397499064946,0.6861283669056206,Y,0.005696535110473633
11,4.910348683851225,0.6679647775461035,Y,0.001796722412109375
45,0.0,0.6679647775461035,Y,0.001796722412109375
11,4.9103486838500885,0.6679647775459046,Y,0.0017359256744384766
46,0.0,0.6679647775459046,Y,0.0017359256744384766
11,4.910305399556364,0.7268393997910039,Y,0.0038957595825195312
47,0.0835587713997169,0.7268393997910039,Y,0.0038957595825195312
11,4.910348683850202,0.6679647775459188,Y,0.0014560222625732422
48,0.0,0.6679647775459188,Y,0.0014560222625732422
11,4.910348683850202,0.667964777546004,Y,0.0019807815551757812
49,0.0,0.667964777546004,Y,0.0019807815551757812
11,4.9102667378108436,0.7794265044895781,Y,0.004585981369018555
50,0.02898978167185008,0.7794265044895781,Y,0.004585981369018555
11,4.910326805865111,0.697722871974193,Y,0.005568027496337891
51,0.03775602883254298,0.697722871974193,Y,0.005568027496337891
11,4.909252745152912,2.1586435265190147,Y,0.0019497871398925781
52,5.0,2.1586435265190147,Y,0.0019497871398925781
11,4.910348683850202,0.667964777549301,Y,0.001783132553100586
53,-1.7173484856414234e-12,0.667964777549301,Y,0.001783132553100586
11,4.910348683850202,0.6679647775459614,Y,0.001264810562133789
54,0.0,0.6679647775459614,Y,0.001264810562133789
11,4.910348683850543,0.6679647775459898,Y,0.0040171146392822266
55,0.0,0.6679647775459898,Y,0.0040171146392822266
11,4.9102969862236705,0.7382830847495967,Y,0.0039331912994384766
56,0.27565835632028923,0.7382830847495967,Y,0.0039331912994384766
11,4.910274456806064,0.7689272469908843,Y,0.0018520355224609375
57,0.5991252457338281,0.7689272469908843,Y,0.0018520355224609375
11,4.910348683850657,0.667964777545933,Y,0.00624537467956543
58,2.7755575615628914e-17,0.667964777545933,Y,0.00624537467956543
11,4.910348683849975,0.6679647775458761,Y,0.0018436908721923828
59,0.0,0.6679647775458761,Y,0.0018436908721923828
11,4.910348683850202,0.6679647775459756,Y,0.0014524459838867188
60,0.0,0.6679647775459756,Y,0.0014524459838867188
11,4.910260900512753,0.7873663066816334,Y,0.003873109817504883
61,0.03236504223542183,0.7873663066816334,Y,0.003873109817504883
11,4.910348683850657,0.6679647775458903,Y,0.004749298095703125
62,0.0,0.6679647775458903,Y,0.004749298095703125
11,5.000000000007276,0.8921385670382591,Y,0.004326581954956055
63,1.059865726081084,0.8921385670382591,Y,0.004326581954956055
11,4.910279493513599,0.7620763957871333,Y,0.0018558502197265625
64,0.13054112279812446,0.7620763957871333,Y,0.0018558502197265625
11,4.910348683850202,0.6679647775459614,Y,0.0012552738189697266
65,0.0,0.6679647775459614,Y,0.0012552738189697266
11,4.910135744604645,0.9576014236289438,Y,0.0037987232208251953
66,0.35947243957209846,0.9576014236289438,Y,0.0037987232208251953
11,5.000000000007276,1.996316105119945,Y,0.006829977035522461
67,4.895601107502495,1.996316105119945,Y,0.006829977035522461
11,4.910348683849747,0.6679647775458477,Y,0.007715940475463867
68,-9.619249841108513e-13,0.6679647775458477,Y,0.007715940475463867
11,4.910337983865475,0.6825187299354241,Y,0.006622314453125
69,0.053166863227328214,0.6825187299354241,Y,0.006622314453125
11,4.9103486838504296,0.6679647775461319,Y,0.0015647411346435547
70,-2.318145675417327e-13,0.6679647775461319,Y,0.0015647411346435547
11,4.972385824766775,0.9895247595767813,Y,0.004463672637939453
71,0.901711287179126,0.9895247595767813,Y,0.004463672637939453
11,4.909894513804602,1.285719802770899,Y,0.005993843078613281
72,0.5630195166970698,1.285719802770899,Y,0.005993843078613281
11,4.909960618409855,1.1958053460254234,Y,0.004137516021728516
73,0.335901148403997,1.1958053460254234,Y,0.004137516021728516
12,0,0,N,0.0014269351959228516
13,0,0,N,0.0014269351959228516
12,0,0,N,0.0011792182922363281
14,0,0,N,0.0011792182922363281
12,0.0,0.8483991099693924,Y,0.0016646385192871094
15,4.929041841296691,0.8483991099693924,Y,0.0016646385192871094
12,0,0,N,0.001020193099975586
16,0,0,N,0.001020193099975586
12,0,0,N,0.0009334087371826172
17,0,0,N,0.0009334087371826172
12,0.0,0.4127797342401749,Y,0.001352548599243164
18,4.856807383363407,0.4127797342401749,Y,0.001352548599243164
12,0,0,N,0.0008518695831298828
19,0,0,N,0.0008518695831298828
12,0.0,0.23883049436631154,Y,0.0012316703796386719
20,4.7579012751957475,0.23883049436631154,Y,0.0012316703796386719
12,0.0,0.27218006880630696,Y,0.0012357234954833984
21,4.786241064062051,0.27218006880630696,Y,0.0012357234954833984
12,0.0,0.09208747242988125,Y,0.001224517822265625
22,4.417710725386348,0.09208747242988125,Y,0.001224517822265625
12,0,0,N,0.000820159912109375
23,0,0,N,0.000820159912109375
12,0.0,0.45867558192264823,Y,0.0012366771697998047
24,4.8707176565566,0.45867558192264823,Y,0.0012366771697998047
12,0.0,0.7581764898573624,Y,0.0012362003326416016
25,4.920789358771749,0.7581764898573624,Y,0.0012362003326416016
12,0,0,N,0.0008165836334228516
26,0,0,N,0.0008165836334228516
12,0.0,0.40562825538189884,Y,0.0012319087982177734
27,4.8543646560651705,0.40562825538189884,Y,0.0012319087982177734
12,0,0,N,0.0008687973022460938
28,0,0,N,0.0008687973022460938
12,0.0,0.8214347620066178,Y,0.0012600421905517578
29,4.926762637281793,0.8214347620066178,Y,0.0012600421905517578
12,0.0,0.35213712725682456,Y,0.0012524127960205078
30,4.833051978241257,0.35213712725682456,Y,0.0012524127960205078
12,0,0,N,0.0008332729339599609
31,0,0,N,0.0008332729339599609
12,0.0,0.08518081740491823,Y,0.0012402534484863281
32,4.3764170254253285,0.08518081740491823,Y,0.0012402534484863281
12,0,0,N,0.0008327960968017578
33,0,0,N,0.0008327960968017578
12,0.0,0.2461977891296101,Y,0.001245260238647461
34,4.764791539279069,0.2461977891296101,Y,0.001245260238647461
12,0.0,1.1627725293325994,Y,0.0012469291687011719
35,4.947894656794563,1.1627725293325994,Y,0.0012469291687011719
12,0.0,3.850543747173532,Y,0.0012507438659667969
36,4.983803319370095,3.850543747173532,Y,0.0012507438659667969
12,-4.774847184307873e-12,0.16298821421086984,Y,0.008636951446533203
37,0.5273683923376151,0.16298821421086984,Y,0.008636951446533203
12,-4.774847184307873e-12,0.15043183353994038,Y,0.0019521713256835938
38,0.4482804663196449,0.15043183353994038,Y,0.0019521713256835938
12,-4.547473508864641e-12,0.08299982452939503,Y,0.0018143653869628906
39,0.4218781996682782,0.08299982452939503,Y,0.0018143653869628906
12,-4.774847184307873e-12,0.22641689264780496,Y,0.00574040412902832
40,0.18973280778288013,0.22641689264780496,Y,0.00574040412902832
12,0,0,N,0.0018508434295654297
41,0,0,N,0.0018508434295654297
12,0,0,N,0.0010824203491210938
42,0,0,N,0.0010824203491210938
12,0,0,N,0.0010900497436523438
43,0,0,N,0.0010900497436523438
12,-4.774847184307873e-12,0.009999999999990905,Y,0.005209922790527344
44,0.11802635415853757,0.009999999999990905,Y,0.005209922790527344
12,0,0,N,0.0010514259338378906
45,0,0,N,0.0010514259338378906
12,0,0,N,0.001203775405883789
46,0,0,N,0.001203775405883789
12,-4.774847184307873e-12,0.04674718631370922,Y,0.002359151840209961
47,0.06634007475667514,0.04674718631370922,Y,0.002359151840209961
12,0,0,N,0.001047372817993164
48,0,0,N,0.001047372817993164
12,0,0,N,0.001232147216796875
49,0,0,N,0.001232147216796875
12,-4.774847184307873e-12,0.09933429101195657,Y,0.0059168338775634766
50,0.02583300582166298,0.09933429101195657,Y,0.0059168338775634766
12,-4.774847184307873e-12,0.017630658496841534,Y,0.006373882293701172
51,0.022366925603348718,0.017630658496841534,Y,0.006373882293701172
12,-4.774847184307873e-12,1.478551313041848,Y,0.002540111541748047
52,4.954930399229372,1.478551313041848,Y,0.002540111541748047
12,0,0,N,0.0011293888092041016
53,0,0,N,0.0011293888092041016
12,0,0,N,0.0008385181427001953
54,0,0,N,0.0008385181427001953
12,0,0,N,0.0012612342834472656
55,0,0,N,0.0012612342834472656
12,-4.774847184307873e-12,0.05819087127218836,Y,0.004406452178955078
56,0.22809416900909274,0.05819087127218836,Y,0.004406452178955078
12,-4.774847184307873e-12,0.08883503351347599,Y,0.0034542083740234375
57,0.5271066490840728,0.08883503351347599,Y,0.0034542083740234375
12,0,0,N,0.005457878112792969
58,0,0,N,0.005457878112792969
12,0,0,N,0.001184225082397461
59,0,0,N,0.001184225082397461
12,0,0,N,0.001064300537109375
60,0,0,N,0.001064300537109375
12,-4.092726157978177e-12,0.10727409320415404,Y,0.004082202911376953
61,0.029074865199741985,0.10727409320415404,Y,0.004082202911376953
12,0,0,N,0.002342700958251953
62,0,0,N,0.002342700958251953
12,-4.774847184307873e-12,0.2120463535607655,Y,0.0077724456787109375
63,1.0607331922061574,0.2120463535607655,Y,0.0077724456787109375
12,-4.774847184307873e-12,0.08198418232795746,Y,0.002877473831176758
64,0.11370792663060292,0.08198418232795746,Y,0.002877473831176758
12,0,0,N,0.0011227130889892578
65,0,0,N,0.0011227130889892578
12,-4.774847184307873e-12,0.27750921015143604,Y,0.005292415618896484
66,0.33229462169680085,0.27750921015143604,Y,0.005292415618896484
12,-4.774847184307873e-12,1.3162238916426077,Y,0.005143165588378906
67,4.896177082880821,1.3162238916426077,Y,0.005143165588378906
12,0,0,N,0.0014519691467285156
68,0,0,N,0.0014519691467285156
12,-4.774847184307873e-12,0.009999999999990905,Y,0.005305051803588867
69,0.0365272230648644,0.009999999999990905,Y,0.005305051803588867
12,0,0,N,0.0008671283721923828
70,0,0,N,0.0008671283721923828
12,-4.774847184307873e-12,0.30305534931177647,Y,0.00700688362121582
71,0.8807666956587498,0.30305534931177647,Y,0.00700688362121582
12,-4.774847184307873e-12,0.6056275892933627,Y,0.006224632263183594
72,0.5516517652253553,0.6056275892933627,Y,0.006224632263183594
12,-4.774847184307873e-12,0.5157131325480151,Y,0.0036163330078125
73,0.32564756218988583,0.5157131325480151,Y,0.0036163330078125
13,0,0,N,0.0008478164672851562
14,0,0,N,0.0008478164672851562
13,0.0,0.8483991099693924,Y,0.0012698173522949219
15,4.929041841296691,0.8483991099693924,Y,0.0012698173522949219
13,0,0,N,0.0008387565612792969
16,0,0,N,0.0008387565612792969
13,0,0,N,0.0008335113525390625
17,0,0,N,0.0008335113525390625
13,0.0,0.4127797342401749,Y,0.0012578964233398438
18,4.856807383363407,0.4127797342401749,Y,0.0012578964233398438
13,0,0,N,0.0008323192596435547
19,0,0,N,0.0008323192596435547
13,0.0,0.23883049436631154,Y,0.0012657642364501953
20,4.7579012751957475,0.23883049436631154,Y,0.0012657642364501953
13,0.0,0.27218006880630696,Y,0.0012497901916503906
21,4.786241064062051,0.27218006880630696,Y,0.0012497901916503906
13,0.0,0.09208747242988125,Y,0.0012493133544921875
22,4.417710725386348,0.09208747242988125,Y,0.0012493133544921875
13,0,0,N,0.0008230209350585938
23,0,0,N,0.0008230209350585938
13,0.0,0.45867558192264823,Y,0.0012371540069580078
24,4.8707176565566,0.45867558192264823,Y,0.0012371540069580078
13,0.0,0.7581764898573624,Y,0.0012371540069580078
25,4.920789358771749,0.7581764898573624,Y,0.0012371540069580078
13,0,0,N,0.0008189678192138672
26,0,0,N,0.0008189678192138672
13,0.0,0.40562825538189884,Y,0.001226663589477539
27,4.8543646560651705,0.40562825538189884,Y,0.001226663589477539
13,0,0,N,0.0008161067962646484
28,0,0,N,0.0008161067962646484
13,0.0,0.8214347620066178,Y,0.0012416839599609375
29,4.926762637281793,0.8214347620066178,Y,0.0012416839599609375
13,0.0,0.35213712725682456,Y,0.001238107681274414
30,4.833051978241257,0.35213712725682456,Y,0.001238107681274414
13,0,0,N,0.0008220672607421875
31,0,0,N,0.0008220672607421875
13,0.0,0.08518081740491823,Y,0.0012290477752685547
32,4.3764170254253285,0.08518081740491823,Y,0.0012290477752685547
13,0,0,N,0.0008184909820556641
33,0,0,N,0.0008184909820556641
13,0.0,0.2461977891296101,Y,0.0012335777282714844
34,4.764791539279069,0.2461977891296101,Y,0.0012335777282714844
13,0.0,1.1627725293325994,Y,0.0012326240539550781
35,4.947894656794563,1.1627725293325994,Y,0.0012326240539550781
13,0.0,3.850543747173532,Y,0.0012462139129638672
36,4.983803319370095,3.850543747173532,Y,0.0012462139129638672
13,-4.263256414560601e-12,0.16298821421104037,Y,0.006937265396118164
37,0.5273683923374102,0.16298821421104037,Y,0.006937265396118164
13,-4.263256414560601e-12,0.15043183353998302,Y,0.0031249523162841797
38,0.4482804663197296,0.15043183353998302,Y,0.0031249523162841797
13,-4.263256414560601e-12,0.08299982452943766,Y,0.0035037994384765625
39,0.4218781996681338,0.08299982452943766,Y,0.0035037994384765625
13,-4.263256414560601e-12,0.22641689264803233,Y,0.006993293762207031
40,0.18973280778282484,0.22641689264803233,Y,0.006993293762207031
13,0,0,N,0.0025038719177246094
41,0,0,N,0.0025038719177246094
13,0,0,N,0.0014376640319824219
42,0,0,N,0.0014376640319824219
13,0,0,N,0.0013413429260253906
43,0,0,N,0.0013413429260253906
13,-4.263256414560601e-12,0.009999999999990905,Y,0.004998922348022461
44,0.11802635415751794,0.009999999999990905,Y,0.004998922348022461
13,0,0,N,0.0014729499816894531
45,0,0,N,0.0014729499816894531
13,0,0,N,0.0012049674987792969
46,0,0,N,0.0012049674987792969
13,-4.263256414560601e-12,0.046747186313766065,Y,0.005288600921630859
47,0.06634007475670001,0.046747186313766065,Y,0.005288600921630859
13,0,0,N,0.0010552406311035156
48,0,0,N,0.0010552406311035156
13,0,0,N,0.0012257099151611328
49,0,0,N,0.0012257099151611328
13,-4.263256414560601e-12,0.09933429101232605,Y,0.0022461414337158203
50,0.025833005821673468,0.09933429101232605,Y,0.0022461414337158203
13,-4.263256414560601e-12,0.017630658496884166,Y,0.0054340362548828125
51,0.02236692560338563,0.017630658496884166,Y,0.0054340362548828125
13,-4.263256414560601e-12,1.4785513130419616,Y,0.0018610954284667969
52,4.954930399229059,1.4785513130419616,Y,0.0018610954284667969
13,0,0,N,0.0010828971862792969
53,0,0,N,0.0010828971862792969
13,0,0,N,0.0008423328399658203
54,0,0,N,0.0008423328399658203
13,0,0,N,0.001279592514038086
55,0,0,N,0.001279592514038086
13,-4.263256414560601e-12,0.0581908712723731,Y,0.004029273986816406
56,0.22809416900918314,0.0581908712723731,Y,0.004029273986816406
13,-4.263256414560601e-12,0.08883503351368915,Y,0.0034389495849609375
57,0.5271066490842309,0.08883503351368915,Y,0.0034389495849609375
13,0,0,N,0.0019497871398925781
58,0,0,N,0.0019497871398925781
13,0,0,N,0.0011332035064697266
59,0,0,N,0.0011332035064697266
13,0,0,N,0.001043081283569336
60,0,0,N,0.001043081283569336
13,-4.263256414560601e-12,0.10727409320440984,Y,0.0034661293029785156
61,0.02907486519975739,0.10727409320440984,Y,0.0034661293029785156
13,0,0,N,0.001203775405883789
62,0,0,N,0.001203775405883789
13,-4.263256414560601e-12,0.21204635356097867,Y,0.004934549331665039
63,1.0607331922061567,0.21204635356097867,Y,0.004934549331665039
13,-4.263256414560601e-12,0.08198418230989546,Y,0.003414154052734375
64,0.1137079266052965,0.08198418230989546,Y,0.003414154052734375
13,0,0,N,0.001707315444946289
65,0,0,N,0.001707315444946289
13,-4.263256414560601e-12,0.2775092101516492,Y,0.007746696472167969
66,0.33229462169681667,0.2775092101516492,Y,0.007746696472167969
13,-4.263256414560601e-12,1.3162238916428066,Y,0.007704734802246094
67,4.896177082881003,1.3162238916428066,Y,0.007704734802246094
13,0,0,N,0.005613088607788086
68,0,0,N,0.005613088607788086
13,-4.263256414560601e-12,0.009999999999990905,Y,0.0026895999908447266
69,0.03652722306409397,0.009999999999990905,Y,0.0026895999908447266
13,0,0,N,0.0010786056518554688
70,0,0,N,0.0010786056518554688
13,-4.263256414560601e-12,0.3030553493118049,Y,0.008327007293701172
71,0.88076669565875,0.3030553493118049,Y,0.008327007293701172
13,-4.121147867408581e-12,0.6059246952825674,Y,0.006793975830078125
72,0.5519263139550734,0.6059246952825674,Y,0.006793975830078125
13,-4.263256414560601e-12,0.5157131325482851,Y,0.003876209259033203
73,0.3256475621898907,0.5157131325482851,Y,0.003876209259033203
14,0.0,0.8483991099693924,Y,0.001271963119506836
15,4.929041841296691,0.8483991099693924,Y,0.001271963119506836
14,0,0,N,0.0008320808410644531
16,0,0,N,0.0008320808410644531
14,0,0,N,0.0008151531219482422
17,0,0,N,0.0008151531219482422
14,0.0,0.4127797342401749,Y,0.0012438297271728516
18,4.856807383363407,0.4127797342401749,Y,0.0012438297271728516
14,0,0,N,0.0008177757263183594
19,0,0,N,0.0008177757263183594
14,0.0,0.23883049436631154,Y,0.0012416839599609375
20,4.7579012751957475,0.23883049436631154,Y,0.0012416839599609375
14,0.0,0.27218006880630696,Y,0.0012409687042236328
21,4.786241064062051,0.27218006880630696,Y,0.0012409687042236328
14,0.0,0.09208747242988125,Y,0.001241445541381836
22,4.417710725386348,0.09208747242988125,Y,0.001241445541381836
14,0,0,N,0.0008301734924316406
23,0,0,N,0.0008301734924316406
14,0.0,0.45867558192264823,Y,0.0012385845184326172
24,4.8707176565566,0.45867558192264823,Y,0.0012385845184326172
14,0.0,0.7581764898573624,Y,0.00124359130859375
25,4.920789358771749,0.7581764898573624,Y,0.00124359130859375
14,0,0,N,0.0008280277252197266
26,0,0,N,0.0008280277252197266
14,0.0,0.40562825538189884,Y,0.0012400150299072266
27,4.8543646560651705,0.40562825538189884,Y,0.0012400150299072266
14,0,0,N,0.0008299350738525391
28,0,0,N,0.0008299350738525391
14,0.0,0.8214347620066178,Y,0.001247406005859375
29,4.926762637281793,0.8214347620066178,Y,0.001247406005859375
14,0.0,0.35213712725682456,Y,0.0012431144714355469
30,4.833051978241257,0.35213712725682456,Y,0.0012431144714355469
14,0,0,N,0.0008215904235839844
31,0,0,N,0.0008215904235839844
14,0.0,0.08518081740491823,Y,0.0012392997741699219
32,4.3764170254253285,0.08518081740491823,Y,0.0012392997741699219
14,0,0,N,0.0008289813995361328
33,0,0,N,0.0008289813995361328
14,0.0,0.2461977891296101,Y,0.0012395381927490234
34,4.764791539279069,0.2461977891296101,Y,0.0012395381927490234
14,0.0,1.1627725293325994,Y,0.0012540817260742188
35,4.947894656794563,1.1627725293325994,Y,0.0012540817260742188
14,0.0,3.850543747173532,Y,0.0012357234954833984
36,4.983803319370095,3.850543747173532,Y,0.0012357234954833984
14,-1.8758328224066645e-12,0.16298821421074194,Y,0.007895708084106445
37,0.5273683923373171,0.16298821421074194,Y,0.007895708084106445
14,-1.8758328224066645e-12,0.15043183353976985,Y,0.0019178390502929688
38,0.4482804663196449,0.15043183353976985,Y,0.0019178390502929688
14,-1.8758328224066645e-12,0.08299982452913923,Y,0.0018048286437988281
39,0.42187819966791706,0.08299982452913923,Y,0.0018048286437988281
14,-1.8758328224066645e-12,0.22641689264789022,Y,0.004837512969970703
40,0.18973280778271423,0.22641689264789022,Y,0.004837512969970703
14,0,0,N,0.003464937210083008
41,0,0,N,0.003464937210083008
14,0,0,N,0.0017671585083007812
42,0,0,N,0.0017671585083007812
14,0,0,N,0.0014913082122802734
43,0,0,N,0.0014913082122802734
14,-1.8758328224066645e-12,0.009999999999990905,Y,0.008172988891601562
44,0.1180263541602109,0.009999999999990905,Y,0.008172988891601562
14,0,0,N,0.0015554428100585938
45,0,0,N,0.0015554428100585938
14,0,0,N,0.0013186931610107422
46,0,0,N,0.0013186931610107422
14,-1.8758328224066645e-12,0.04674718631351027,Y,0.005217552185058594
47,0.06634007475660675,0.04674718631351027,Y,0.005217552185058594
14,0,0,N,0.0010638236999511719
48,0,0,N,0.0010638236999511719
14,0,0,N,0.0013349056243896484
49,0,0,N,0.0013349056243896484
14,-1.8758328224066645e-12,0.09933429101211289,Y,0.0036640167236328125
50,0.025833005821673468,0.09933429101211289,Y,0.0036640167236328125
14,-1.8758328224066645e-12,0.017630658496557317,Y,0.004743814468383789
51,0.022366925603307032,0.017630658496557317,Y,0.004743814468383789
14,-1.8758328224066645e-12,1.4785513130415069,Y,0.0017712116241455078
52,4.954930399228485,1.4785513130415069,Y,0.0017712116241455078
14,0,0,N,0.0010571479797363281
53,0,0,N,0.0010571479797363281
14,0,0,N,0.0008432865142822266
54,0,0,N,0.0008432865142822266
14,0,0,N,0.0015070438385009766
55,0,0,N,0.0015070438385009766
14,-1.3926637620897964e-12,0.05819087127201783,Y,0.0039424896240234375
56,0.2280941690087499,0.05819087127201783,Y,0.0039424896240234375
14,-1.8758328224066645e-12,0.08883503351340494,Y,0.002995729446411133
57,0.5271066490842282,0.08883503351340494,Y,0.002995729446411133
14,0,0,N,0.004530429840087891
58,0,0,N,0.004530429840087891
14,0,0,N,0.0011658668518066406
59,0,0,N,0.0011658668518066406
14,0,0,N,0.0010423660278320312
60,0,0,N,0.0010423660278320312
14,-1.8758328224066645e-12,0.10727409320416825,Y,0.001928567886352539
61,0.029074865199755107,0.10727409320416825,Y,0.001928567886352539
14,0,0,N,0.0012149810791015625
62,0,0,N,0.0012149810791015625
14,-1.8758328224066645e-12,0.21204635356077972,Y,0.004819154739379883
63,1.0607331922061567,0.21204635356077972,Y,0.004819154739379883
14,-1.8758328224066645e-12,0.0819841823096823,Y,0.0029342174530029297
64,0.11370792660529094,0.0819841823096823,Y,0.0029342174530029297
14,0,0,N,0.0008611679077148438
65,0,0,N,0.0008611679077148438
14,-1.8758328224066645e-12,0.277509210151365,Y,0.004761457443237305
66,0.33229462169680873,0.277509210151365,Y,0.004761457443237305
14,-1.8758328224066645e-12,1.316223891642494,Y,0.004231452941894531
67,4.896177082880875,1.316223891642494,Y,0.004231452941894531
14,0,0,N,0.004438638687133789
68,0,0,N,0.004438638687133789
14,-1.8758328224066645e-12,0.009999999999990905,Y,0.002069711685180664
69,0.03652722306516594,0.009999999999990905,Y,0.002069711685180664
14,0,0,N,0.0008523464202880859
70,0,0,N,0.0008523464202880859
14,-1.8758328224066645e-12,0.3030553493115775,Y,0.0065441131591796875
71,0.8807666956586908,0.3030553493115775,Y,0.0065441131591796875
14,-1.8758328224066645e-12,0.605627589293178,Y,0.005774736404418945
72,0.5516517652252765,0.605627589293178,Y,0.005774736404418945
14,-1.8758328224066645e-12,0.5157131325479725,Y,0.003651857376098633
73,0.3256475621898623,0.5157131325479725,Y,0.003651857376098633
15,4.929041841296691,0.8483991099693924,Y,0.001302957534790039
16,0.0,0.8483991099693924,Y,0.001302957534790039
15,4.929041841296691,0.8483991099693924,Y,0.001241922378540039
17,0.0,0.8483991099693924,Y,0.001241922378540039
15,5.0,1.273306280141,Y,0.0012502670288085938
18,4.85579477801499,1.273306280141,Y,0.0012502670288085938
15,4.929041841296691,0.8483991099693924,Y,0.0012390613555908203
19,0.0,0.8483991099693924,Y,0.0012390613555908203
15,5.0,1.0993570402671367,Y,0.0012536048889160156
20,4.756186791526767,1.0993570402671367,Y,0.0012536048889160156
15,5.0,1.1327066147071463,Y,0.0012476444244384766
21,4.784727691161739,1.1327066147071463,Y,0.0012476444244384766
15,5.0,0.9526140183307064,Y,0.0012507438659667969
22,4.413582110010084,0.9526140183307064,Y,0.0012507438659667969
15,4.929041841296691,0.8483991099693924,Y,0.0012383460998535156
23,0.0,0.8483991099693924,Y,0.0012383460998535156
15,5.0,1.3192021278234733,Y,0.001249551773071289
24,4.869803764213561,1.3192021278234733,Y,0.001249551773071289
15,5.0,1.6187030357581875,Y,0.001241922378540039
25,4.920230795769937,1.6187030357581875,Y,0.001241922378540039
15,4.929041841296691,0.8483991099693924,Y,0.0012319087982177734
26,0.0,0.8483991099693924,Y,0.0012319087982177734
15,5.0,1.266154801282724,Y,0.0012471675872802734
27,4.853334716121698,1.266154801282724,Y,0.0012471675872802734
15,4.929041841296691,0.8483991099693924,Y,0.0012290477752685547
28,0.0,0.8483991099693924,Y,0.0012290477752685547
15,5.0,1.6819613079074713,Y,0.0012581348419189453
29,4.926246463115043,1.6819613079074713,Y,0.0012581348419189453
15,5.0,1.2126636731576497,Y,0.0012612342834472656
30,4.831870794792254,1.2126636731576497,Y,0.0012612342834472656
15,4.929041841296691,0.8483991099693924,Y,0.0012562274932861328
31,0.0,0.8483991099693924,Y,0.0012562274932861328
15,5.0,0.9457073633057433,Y,0.0012707710266113281
32,4.371995373013079,0.9457073633057433,Y,0.0012707710266113281
15,4.969466293815722,0.8553570686644889,Y,0.0012574195861816406
33,0.0,0.8553570686644889,Y,0.0012574195861816406
15,5.0,1.1067243350304352,Y,0.001251220703125
34,4.76312595175081,1.1067243350304352,Y,0.001251220703125
15,4.928359177890698,2.0232990752334246,Y,0.0012564659118652344
35,5.0,2.0232990752334246,Y,0.0012564659118652344
15,4.926797476377424,4.711070293074357,Y,0.001245260238647461
36,5.0,4.711070293074357,Y,0.001245260238647461
15,4.9289400921693005,1.0235147601117376,Y,0.0064945220947265625
37,0.5688676553469145,1.0235147601117376,Y,0.0064945220947265625
15,4.9289473879238015,1.010958379440737,Y,0.0031855106353759766
38,0.4844681564505473,1.010958379440737,Y,0.0031855106353759766
15,4.928986568591173,0.9435263704301065,Y,0.003203153610229492
39,0.48356886563633816,0.9435263704301065,Y,0.003203153610229492
15,4.928903237595218,1.0869434385487011,Y,0.006301164627075195
40,0.21336920767760498,1.0869434385487011,Y,0.006301164627075195
15,4.929041841296011,0.8483991099692076,Y,0.004410266876220703
41,0.0,0.8483991099692076,Y,0.004410266876220703
15,4.92904184129653,0.848399109969364,Y,0.002088785171508789
42,0.0,0.848399109969364,Y,0.002088785171508789
15,4.929041841296368,0.848399109970913,Y,0.0028040409088134766
43,-3.8746783559417963e-13,0.848399109970913,Y,0.0028040409088134766
15,5.0,0.8665626993290516,Y,0.005783796310424805
44,0.07022676854475307,0.8665626993290516,Y,0.005783796310424805
15,4.929041841296133,0.8483991099693071,Y,0.0018608570098876953
45,0.0,0.8483991099693071,Y,0.0018608570098876953
15,4.929041841296203,0.8483991099692503,Y,0.0017194747924804688
46,0.0,0.8483991099692503,Y,0.0017194747924804688
15,4.929007632810067,0.9072737322145201,Y,0.004269599914550781
47,0.0835587713997169,0.9072737322145201,Y,0.004269599914550781
15,4.929041841296696,0.8483991099693924,Y,0.0014495849609375
48,0.0,0.8483991099693924,Y,0.0014495849609375
15,4.929041841296271,0.8483991099692929,Y,0.002023458480834961
49,0.0,0.8483991099692929,Y,0.002023458480834961
15,4.928977077619531,0.9598608369129806,Y,0.0035774707794189453
50,0.02898978167185008,0.9598608369129806,Y,0.0035774707794189453
15,4.929024550665391,0.8781572043976524,Y,0.005072832107543945
51,0.03775602883254298,0.8781572043976524,Y,0.005072832107543945
15,4.928175697912837,2.3390778589424315,Y,0.0032367706298828125
52,5.0,2.3390778589424315,Y,0.0032367706298828125
15,4.929041841296368,0.8483991099726893,Y,0.002698183059692383
53,-1.7173484856414234e-12,0.8483991099726893,Y,0.002698183059692383
15,4.929041841296695,0.848399109969364,Y,0.001790761947631836
54,0.0,0.848399109969364,Y,0.001790761947631836
15,4.929041841296392,0.8483991099691934,Y,0.0056340694427490234
55,0.0,0.8483991099691934,Y,0.0056340694427490234
15,4.929000983575463,0.9187174171730135,Y,0.004630327224731445
56,0.27565835632028923,0.9187174171730135,Y,0.004630327224731445
15,5.0,0.9493615794143153,Y,0.0034723281860351562
57,0.5265960007400523,0.9493615794143153,Y,0.0034723281860351562
15,4.929041841296685,0.8483991099693924,Y,0.007537364959716797
58,0.0,0.8483991099693924,Y,0.007537364959716797
15,4.92904184129656,0.8483991099693355,Y,0.005419254302978516
59,0.0,0.8483991099693355,Y,0.005419254302978516
15,4.929041841296693,0.8483991099693355,Y,0.002299785614013672
60,0.0,0.8483991099693355,Y,0.002299785614013672
15,4.9289724642796955,0.9678006391050502,Y,0.005362749099731445
61,0.03236504223542183,0.9678006391050502,Y,0.005362749099731445
15,4.929041841296825,0.8483991099694066,Y,0.006302833557128906
62,0.0,0.8483991099694066,Y,0.006302833557128906
15,5.0,1.0725728994616617,Y,0.006764888763427734
63,1.0596355798333492,1.0725728994616617,Y,0.006764888763427734
15,4.928987158719464,0.9425107282105927,Y,0.002782583236694336
64,0.13054112279812446,0.9425107282105927,Y,0.002782583236694336
15,4.929041841296695,0.848399109969364,Y,0.0017943382263183594
65,0.0,0.848399109969364,Y,0.0017943382263183594
15,4.928873550935636,1.1380357560523322,Y,0.0046498775482177734
66,0.35947243957209846,1.1380357560523322,Y,0.0046498775482177734
15,5.0,2.176750437543518,Y,0.005143880844116211
67,4.89544829626583,2.176750437543518,Y,0.005143880844116211
15,4.9290418412961206,0.8483991099694066,Y,0.0055882930755615234
68,-9.619249841108513e-13,0.8483991099694066,Y,0.0055882930755615234
15,4.929033384874324,0.8629530623589545,Y,0.006383657455444336
69,0.053166863227328214,0.8629530623589545,Y,0.006383657455444336
15,4.929041841296695,0.8483991099695487,Y,0.0012955665588378906
70,-2.318145675417327e-13,0.8483991099695487,Y,0.0012955665588378906
15,4.941020764192899,1.1635818952125305,Y,0.00648045539855957
71,0.901711287179126,1.1635818952125305,Y,0.00648045539855957
15,4.928682901164067,1.4661541351942162,Y,0.0055119991302490234
72,0.5630195166970698,1.4661541351942162,Y,0.0055119991302490234
15,4.928735145023771,1.376239678448897,Y,0.0035381317138671875
73,0.335901148403997,1.376239678448897,Y,0.0035381317138671875
16,0,0,N,0.0008339881896972656
17,0,0,N,0.0008339881896972656
16,0.0,0.4127797342401749,Y,0.0012285709381103516
18,4.856807383363407,0.4127797342401749,Y,0.0012285709381103516
16,0,0,N,0.0008172988891601562
19,0,0,N,0.0008172988891601562
16,0.0,0.23883049436631154,Y,0.0012249946594238281
20,4.7579012751957475,0.23883049436631154,Y,0.0012249946594238281
16,0.0,0.27218006880630696,Y,0.0012290477752685547
21,4.786241064062051,0.27218006880630696,Y,0.0012290477752685547
16,0.0,0.09208747242988125,Y,0.0012326240539550781
22,4.417710725386348,0.09208747242988125,Y,0.0012326240539550781
16,0,0,N,0.0007889270782470703
23,0,0,N,0.0007889270782470703
16,0.0,0.45867558192264823,Y,0.0012230873107910156
24,4.8707176565566,0.45867558192264823,Y,0.0012230873107910156
16,0.0,0.7581764898573624,Y,0.0012278556823730469
25,4.920789358771749,0.7581764898573624,Y,0.0012278556823730469
16,0,0,N,0.0007891654968261719
26,0,0,N,0.0007891654968261719
16,0.0,0.40562825538189884,Y,0.0012226104736328125
27,4.8543646560651705,0.40562825538189884,Y,0.0012226104736328125
16,0,0,N,0.0008165836334228516
28,0,0,N,0.0008165836334228516
16,0.0,0.8214347620066178,Y,0.0012252330780029297
29,4.926762637281793,0.8214347620066178,Y,0.0012252330780029297
16,0.0,0.35213712725682456,Y,0.0012276172637939453
30,4.833051978241257,0.35213712725682456,Y,0.0012276172637939453
16,0,0,N,0.000789642333984375
31,0,0,N,0.000789642333984375
16,0.0,0.08518081740491823,Y,0.0012242794036865234
32,4.3764170254253285,0.08518081740491823,Y,0.0012242794036865234
16,0,0,N,0.0008161067962646484
33,0,0,N,0.0008161067962646484
16,0.0,0.2461977891296101,Y,0.0012302398681640625
34,4.764791539279069,0.2461977891296101,Y,0.0012302398681640625
16,0.0,1.1627725293325994,Y,0.0012350082397460938
35,4.947894656794563,1.1627725293325994,Y,0.0012350082397460938
16,0.0,3.850543747173532,Y,0.00122833251953125
36,4.983803319370095,3.850543747173532,Y,0.00122833251953125
16,0.0,0.16298821421084142,Y,0.007554054260253906
37,0.5273683923373668,0.16298821421084142,Y,0.007554054260253906
16,0.0,0.15043183353985512,Y,0.004634380340576172
38,0.44828046631977253,0.15043183353985512,Y,0.004634380340576172
16,0.0,0.08299982452925292,Y,0.0017685890197753906
39,0.42187819966784484,0.08299982452925292,Y,0.0017685890197753906
16,0.0,0.22641689264781917,Y,0.004252910614013672
40,0.18973280778279494,0.22641689264781917,Y,0.004252910614013672
16,0,0,N,0.0018661022186279297
41,0,0,N,0.0018661022186279297
16,0,0,N,0.0015027523040771484
42,0,0,N,0.0015027523040771484
16,0,0,N,0.0010843276977539062
43,0,0,N,0.0010843276977539062
16,0.0,0.009999999999990905,Y,0.0065076351165771484
44,0.11802635415954299,0.009999999999990905,Y,0.0065076351165771484
16,0,0,N,0.0013437271118164062
45,0,0,N,0.0013437271118164062
16,0,0,N,0.0011818408966064453
46,0,0,N,0.0011818408966064453
16,0.0,0.046747186313595535,Y,0.0025615692138671875
47,0.06634007475667991,0.046747186313595535,Y,0.0025615692138671875
16,0,0,N,0.0010755062103271484
48,0,0,N,0.0010755062103271484
16,0,0,N,0.0012366771697998047
49,0,0,N,0.0012366771697998047
16,0.0,0.09933429101209867,Y,0.002258777618408203
50,0.025833005821673468,0.09933429101209867,Y,0.002258777618408203
16,0.0,0.01763065849677048,Y,0.004715442657470703
51,0.02236692560332668,0.01763065849677048,Y,0.004715442657470703
16,0.0,1.4785513130415353,Y,0.0018389225006103516
52,4.954930399228537,1.4785513130415353,Y,0.0018389225006103516
16,0,0,N,0.0010471343994140625
53,0,0,N,0.0010471343994140625
16,0,0,N,0.0008451938629150391
54,0,0,N,0.0008451938629150391
16,0,0,N,0.0013344287872314453
55,0,0,N,0.0013344287872314453
16,0.0,0.058190871272117306,Y,0.004552125930786133
56,0.2280941690088613,0.058190871272117306,Y,0.004552125930786133
16,0.0,0.08883503351344757,Y,0.0029554367065429688
57,0.5271066490840306,0.08883503351344757,Y,0.0029554367065429688
16,0,0,N,0.005601167678833008
58,0,0,N,0.005601167678833008
16,0,0,N,0.0012319087982177734
59,0,0,N,0.0012319087982177734
16,0,0,N,0.0010900497436523438
60,0,0,N,0.0010900497436523438
16,0.0,0.10727409320419667,Y,0.0020313262939453125
61,0.029074865199745836,0.10727409320419667,Y,0.0020313262939453125
16,0,0,N,0.0011913776397705078
62,0,0,N,0.0011913776397705078
16,0.0,0.21204635356077972,Y,0.005749702453613281
63,1.0607331922051495,0.21204635356077972,Y,0.005749702453613281
16,2.842170943040401e-14,0.08198418230976756,Y,0.002036571502685547
64,0.11370792660528961,0.08198418230976756,Y,0.002036571502685547
16,0,0,N,0.0008494853973388672
65,0,0,N,0.0008494853973388672
16,0.0,0.27750921015147867,Y,0.005830526351928711
66,0.3322946216968237,0.27750921015147867,Y,0.005830526351928711
16,0.0,1.316223891642636,Y,0.004302978515625
67,4.896177082881074,1.316223891642636,Y,0.004302978515625
16,0,0,N,0.0013723373413085938
68,0,0,N,0.0013723373413085938
16,0.0,0.009999999999990905,Y,0.0020384788513183594
69,0.03652722306463803,0.009999999999990905,Y,0.0020384788513183594
16,0,0,N,0.0008573532104492188
70,0,0,N,0.0008573532104492188
16,0.0,0.30305534931164857,Y,0.007353067398071289
71,0.88076669565875,0.30305534931164857,Y,0.007353067398071289
16,5.65901492333154e-14,0.6056275892932632,Y,0.005619049072265625
72,0.5516517652253028,0.6056275892932632,Y,0.005619049072265625
16,0.0,0.5157131325480293,Y,0.004706621170043945
73,0.3256475621898977,0.5157131325480293,Y,0.004706621170043945
17,0.0,0.4127797342401749,Y,0.0012984275817871094
18,4.856807383363407,0.4127797342401749,Y,0.0012984275817871094
17,0,0,N,0.0008182525634765625
19,0,0,N,0.0008182525634765625
17,0.0,0.23883049436631154,Y,0.0012412071228027344
20,4.7579012751957475,0.23883049436631154,Y,0.0012412071228027344
17,0.0,0.27218006880630696,Y,0.0012354850769042969
21,4.786241064062051,0.27218006880630696,Y,0.0012354850769042969
17,0.0,0.09208747242988125,Y,0.001233816146850586
22,4.417710725386348,0.09208747242988125,Y,0.001233816146850586
17,0,0,N,0.0008196830749511719
23,0,0,N,0.0008196830749511719
17,0.0,0.45867558192264823,Y,0.001249074935913086
24,4.8707176565566,0.45867558192264823,Y,0.001249074935913086
17,0.0,0.7581764898573624,Y,0.0012369155883789062
25,4.920789358771749,0.7581764898573624,Y,0.0012369155883789062
17,0,0,N,0.0008180141448974609
26,0,0,N,0.0008180141448974609
17,0.0,0.40562825538189884,Y,0.0012691020965576172
27,4.8543646560651705,0.40562825538189884,Y,0.0012691020965576172
17,0,0,N,0.0008180141448974609
28,0,0,N,0.0008180141448974609
17,0.0,0.8214347620066178,Y,0.0012359619140625
29,4.926762637281793,0.8214347620066178,Y,0.0012359619140625
17,0.0,0.35213712725682456,Y,0.0012359619140625
30,4.833051978241257,0.35213712725682456,Y,0.0012359619140625
17,0,0,N,0.000820159912109375
31,0,0,N,0.000820159912109375
17,0.0,0.08518081740491823,Y,0.0012292861938476562
32,4.3764170254253285,0.08518081740491823,Y,0.0012292861938476562
17,0,0,N,0.0008161067962646484
33,0,0,N,0.0008161067962646484
17,0.0,0.2461977891296101,Y,0.0012323856353759766
34,4.764791539279069,0.2461977891296101,Y,0.0012323856353759766
17,0.0,1.1627725293325994,Y,0.0012421607971191406
35,4.947894656794563,1.1627725293325994,Y,0.0012421607971191406
17,0.0,3.850543747173532,Y,0.0012400150299072266
36,4.983803319370095,3.850543747173532,Y,0.0012400150299072266
17,-6.821210263296962e-13,0.16298821421085563,Y,0.008499622344970703
37,0.5273683923373171,0.16298821421085563,Y,0.008499622344970703
17,-6.821210263296962e-13,0.1504318335396988,Y,0.0030450820922851562
38,0.4482804663197296,0.1504318335396988,Y,0.0030450820922851562
17,-6.821210263296962e-13,0.08299982453056032,Y,0.0018072128295898438
39,0.421878199675357,0.08299982453056032,Y,0.0018072128295898438
17,-6.821210263296962e-13,0.2264168926477339,Y,0.005012035369873047
40,0.18973280778290777,0.2264168926477339,Y,0.005012035369873047
17,0,0,N,0.0018742084503173828
41,0,0,N,0.0018742084503173828
17,0,0,N,0.0010445117950439453
42,0,0,N,0.0010445117950439453
17,0,0,N,0.0010921955108642578
43,0,0,N,0.0010921955108642578
17,-6.821210263296962e-13,0.010000000000019327,Y,0.006578922271728516
44,0.11802635415954299,0.010000000000019327,Y,0.006578922271728516
17,0,0,N,0.0013036727905273438
45,0,0,N,0.0013036727905273438
17,0,0,N,0.0011780261993408203
46,0,0,N,0.0011780261993408203
17,-6.821210263296962e-13,0.04674718631370922,Y,0.0046291351318359375
47,0.06634007475664294,0.04674718631370922,Y,0.0046291351318359375
17,0,0,N,0.0010650157928466797
48,0,0,N,0.0010650157928466797
17,0,0,N,0.0014922618865966797
49,0,0,N,0.0014922618865966797
17,-6.821210263296962e-13,0.09933429101181446,Y,0.004950761795043945
50,0.02583300582164473,0.09933429101181446,Y,0.004950761795043945
17,-6.821210263296962e-13,0.017630658496827323,Y,0.0048329830169677734
51,0.022366925603444568,0.017630658496827323,Y,0.0048329830169677734
17,-6.821210263296962e-13,1.47855131304172,Y,0.0024695396423339844
52,4.954930399229124,1.47855131304172,Y,0.0024695396423339844
17,0,0,N,0.0011646747589111328
53,0,0,N,0.0011646747589111328
17,0,0,N,0.0008459091186523438
54,0,0,N,0.0008459091186523438
17,0,0,N,0.0027251243591308594
55,0,0,N,0.0027251243591308594
17,-6.821210263296962e-13,0.05819087127190414,Y,0.003839254379272461
56,0.22809416900865406,0.05819087127190414,Y,0.003839254379272461
17,-6.821210263296962e-13,0.08883503351346178,Y,0.0029413700103759766
57,0.5271066490841676,0.08883503351346178,Y,0.0029413700103759766
17,0,0,N,0.005646467208862305
58,0,0,N,0.005646467208862305
17,0,0,N,0.0011560916900634766
59,0,0,N,0.0011560916900634766
17,0,0,N,0.001032114028930664
60,0,0,N,0.001032114028930664
17,-6.821210263296962e-13,0.10727409320405457,Y,0.00476527214050293
61,0.029074865199715024,0.10727409320405457,Y,0.00476527214050293
17,0,0,N,0.0012345314025878906
62,0,0,N,0.0012345314025878906
17,-6.821210263296962e-13,0.21204635356068025,Y,0.004881620407104492
63,1.06073319220507,0.21204635356068025,Y,0.004881620407104492
17,-6.821210263296962e-13,0.08198418231722826,Y,0.001947164535522461
64,0.11370792661602336,0.08198418231722826,Y,0.001947164535522461
17,0,0,N,0.0008509159088134766
65,0,0,N,0.0008509159088134766
17,-6.821210263296962e-13,0.27750921015130814,Y,0.0046253204345703125
66,0.3322946216966102,0.27750921015130814,Y,0.0046253204345703125
17,-6.821210263296962e-13,1.3162238916424371,Y,0.004895448684692383
67,4.896177082880443,1.3162238916424371,Y,0.004895448684692383
17,0,0,N,0.0015807151794433594
68,0,0,N,0.0015807151794433594
17,-6.821210263296962e-13,0.009999999999990905,Y,0.0051975250244140625
69,0.036527223065078454,0.009999999999990905,Y,0.0051975250244140625
17,0,0,N,0.0008664131164550781
70,0,0,N,0.0008664131164550781
17,-6.821210263296962e-13,0.3030553493118049,Y,0.007749080657958984
71,0.88076669565875,0.3030553493118049,Y,0.007749080657958984
17,-6.821210263296962e-13,0.6056275892934337,Y,0.005913734436035156
72,0.5516517652253815,0.6056275892934337,Y,0.005913734436035156
17,-6.821210263296962e-13,0.5157131325479298,Y,0.003690481185913086
73,0.3256475621898623,0.5157131325479298,Y,0.003690481185913086
18,4.856807383363407,0.4127797342401749,Y,0.0012514591217041016
19,0.0,0.4127797342401749,Y,0.0012514591217041016
18,5.0,0.663737664537905,Y,0.0012564659118652344
20,4.757054704676877,0.663737664537905,Y,0.0012564659118652344
18,5.0,0.6970872389779146,Y,0.0012545585632324219
21,4.7854937971709015,0.6970872389779146,Y,0.0012545585632324219
18,5.0,0.5169946426014889,Y,0.0012602806091308594
22,4.4156721150902145,0.5169946426014889,Y,0.0012602806091308594
18,4.856807383363407,0.4127797342401749,Y,0.0012302398681640625
23,0.0,0.4127797342401749,Y,0.0012302398681640625
18,4.8562533764517015,0.8835827520942416,Y,0.0012426376342773438
24,5.0,0.8835827520942416,Y,0.0012426376342773438
18,4.85590094546333,1.18308366002897,Y,0.0012412071228027344
25,5.0,1.18308366002897,Y,0.0012412071228027344
18,4.856807383363407,0.4127797342401749,Y,0.0012311935424804688
26,0.0,0.4127797342401749,Y,0.0012311935424804688
18,5.0,0.8305354255535065,Y,0.0012745857238769531
27,4.85385609666164,0.8305354255535065,Y,0.0012745857238769531
18,4.856807383363407,0.4127797342401749,Y,0.0012421607971191406
28,0.0,0.4127797342401749,Y,0.0012421607971191406
18,4.855826507707674,1.2463419321782396,Y,0.0012562274932861328
29,5.0,1.2463419321782396,Y,0.0012562274932861328
18,5.0,0.777044297428418,Y,0.001255035400390625
30,4.832468738456944,0.777044297428418,Y,0.001255035400390625
18,4.856807383363407,0.4127797342401749,Y,0.0012407302856445312
31,0.0,0.4127797342401749,Y,0.0012407302856445312
18,5.0,0.5100879875765258,Y,0.0012402534484863281
32,4.3742337205368775,0.5100879875765258,Y,0.0012402534484863281
18,4.938675416990474,0.419737692935243,Y,0.0012497901916503906
33,0.0,0.419737692935243,Y,0.0012497901916503906
18,5.0,0.6711049593012035,Y,0.001245260238647461
34,4.7639691124904475,0.6711049593012035,Y,0.001245260238647461
18,4.855424846131556,1.5876796995041929,Y,0.001247406005859375
35,5.0,1.5876796995041929,Y,0.001247406005859375
18,4.852262071522852,4.27545091734514,Y,0.0012536048889160156
36,5.0,4.27545091734514,Y,0.0012536048889160156
18,4.856601319945639,0.5878953843827048,Y,0.006329536437988281
37,0.5688676553469145,0.5878953843827048,Y,0.006329536437988281
18,4.856616095385419,0.5753390037117043,Y,0.0031478404998779297
38,0.4844681564505473,0.5753390037117043,Y,0.0031478404998779297
18,4.856695444492516,0.5079069947011163,Y,0.0034530162811279297
39,0.48356886563633816,0.5079069947011163,Y,0.0034530162811279297
18,4.856526681668242,0.6513240628197821,Y,0.007401704788208008
40,0.21336920767760498,0.6513240628197821,Y,0.007401704788208008
18,4.856807383365322,0.41277973424026015,Y,0.005022525787353516
41,0.0,0.41277973424026015,Y,0.005022525787353516
18,4.856807383366316,0.4127797342403454,Y,0.002746105194091797
42,0.0,0.4127797342403454,Y,0.002746105194091797
18,4.8568073833655205,0.41277973424183756,Y,0.004717350006103516
43,-3.8746783559417963e-13,0.41277973424183756,Y,0.004717350006103516
18,5.000000000003297,0.430943323599962,Y,0.00757288932800293
44,0.07074096563078314,0.430943323599962,Y,0.00757288932800293
18,4.85680738336643,0.41277973424040226,Y,0.0021445751190185547
45,0.0,0.41277973424040226,Y,0.0021445751190185547
18,4.856807383366686,0.41277973424038805,Y,0.0018696784973144531
46,0.0,0.41277973424038805,Y,0.0018696784973144531
18,4.8567381039732425,0.47165435648548737,Y,0.005154132843017578
47,0.0835587713997169,0.47165435648548737,Y,0.005154132843017578
18,4.856807383366601,0.41277973424037384,Y,0.0015254020690917969
48,0.0,0.41277973424037384,Y,0.0015254020690917969
18,4.856807383366316,0.41277973424035963,Y,0.0018377304077148438
49,0.0,0.41277973424035963,Y,0.0018377304077148438
18,4.856676223274235,0.5242414611840047,Y,0.003557443618774414
50,0.02898978167185008,0.5242414611840047,Y,0.003557443618774414
18,4.856772366195258,0.44253782866856284,Y,0.0055887699127197266
51,0.03775602883254298,0.44253782866856284,Y,0.0055887699127197266
18,4.855053260521771,1.9034584832135977,Y,0.0018067359924316406
52,5.0,1.9034584832135977,Y,0.0018067359924316406
18,4.856807383363417,0.4127797342434292,Y,0.003380298614501953
53,-1.7173484856414234e-12,0.4127797342434292,Y,0.003380298614501953
18,4.856807383366686,0.4127797342403454,Y,0.0012814998626708984
54,0.0,0.4127797342403454,Y,0.0012814998626708984
18,4.856807383366601,0.41277973424037384,Y,0.0038602352142333984
55,0.0,0.41277973424037384,Y,0.0038602352142333984
18,4.856724637872958,0.4830980414439807,Y,0.004178285598754883
56,0.27565835632028923,0.4830980414439807,Y,0.004178285598754883
18,4.856688578040547,0.5137422036853678,Y,0.0019066333770751953
57,0.5991252457338281,0.5137422036853678,Y,0.0019066333770751953
18,4.85680738336643,0.41277973424038805,Y,0.006488323211669922
58,0.0,0.41277973424038805,Y,0.006488323211669922
18,4.856807383367453,0.41277973424048753,Y,0.0016779899597167969
59,0.0,0.41277973424048753,Y,0.0016779899597167969
18,4.856807383366629,0.4127797342404307,Y,0.0014276504516601562
60,0.0,0.4127797342404307,Y,0.0014276504516601562
18,4.856666880289424,0.5321812633760601,Y,0.0036606788635253906
61,0.03236504223542183,0.5321812633760601,Y,0.0036606788635253906
18,4.856807383365918,0.41277973424037384,Y,0.004349470138549805
62,0.0,0.41277973424037384,Y,0.004349470138549805
18,5.000000000003297,0.6369535237326716,Y,0.004441738128662109
63,1.060191217795681,0.6369535237326716,Y,0.004441738128662109
18,4.856696639626335,0.5068913524815741,Y,0.0019168853759765625
64,0.13054112279812446,0.5068913524815741,Y,0.0019168853759765625
18,4.856807383366686,0.4127797342403454,Y,0.0012774467468261719
65,0.0,0.4127797342403454,Y,0.0012774467468261719
18,4.8564665599267585,0.7024163803233279,Y,0.004570722579956055
66,0.35947243957209846,0.7024163803233279,Y,0.004570722579956055
18,4.855244275679496,1.7411310618144284,Y,0.004172801971435547
67,5.0,1.7411310618144284,Y,0.004172801971435547
18,4.856807383365663,0.4127797342404449,Y,0.0060689449310302734
68,-9.619249841108513e-13,0.4127797342404449,Y,0.0060689449310302734
18,4.856790257328441,0.4273336866299502,Y,0.004842042922973633
69,0.053166863227328214,0.4273336866299502,Y,0.004842042922973633
18,4.856807383366686,0.4127797342405728,Y,0.002110004425048828
70,-2.318145675417327e-13,0.4127797342405728,Y,0.002110004425048828
18,4.88106722614549,0.7279625194835546,Y,0.009410381317138672
71,0.901711287179126,0.7279625194835546,Y,0.009410381317138672
18,4.859398692273658,1.0308167763162714,Y,0.006080150604248047
72,0.5630195166970698,1.0308167763162714,Y,0.006080150604248047
18,4.856186258794253,0.940620302719978,Y,0.006543159484863281
73,0.335901148403997,0.940620302719978,Y,0.006543159484863281
19,0.0,0.23883049436631154,Y,0.0015139579772949219
20,4.7579012751957475,0.23883049436631154,Y,0.0015139579772949219
19,0.0,0.27218006880630696,Y,0.0012950897216796875
21,4.786241064062051,0.27218006880630696,Y,0.0012950897216796875
19,0.0,0.09208747242988125,Y,0.0012423992156982422
22,4.417710725386348,0.09208747242988125,Y,0.0012423992156982422
19,0,0,N,0.0008213520050048828
23,0,0,N,0.0008213520050048828
19,0.0,0.45867558192264823,Y,0.0012297630310058594
24,4.8707176565566,0.45867558192264823,Y,0.0012297630310058594
19,0.0,0.7581764898573624,Y,0.001241922378540039
25,4.920789358771749,0.7581764898573624,Y,0.001241922378540039
19,0,0,N,0.0008194446563720703
26,0,0,N,0.0008194446563720703
19,0.0,0.40562825538189884,Y,0.0012319087982177734
27,4.8543646560651705,0.40562825538189884,Y,0.0012319087982177734
19,0,0,N,0.0008711814880371094
28,0,0,N,0.0008711814880371094
19,0.0,0.8214347620066178,Y,0.0012521743774414062
29,4.926762637281793,0.8214347620066178,Y,0.0012521743774414062
19,0.0,0.35213712725682456,Y,0.0012345314025878906
30,4.833051978241257,0.35213712725682456,Y,0.0012345314025878906
19,0,0,N,0.0008196830749511719
31,0,0,N,0.0008196830749511719
19,0.0,0.08518081740491823,Y,0.0012352466583251953
32,4.3764170254253285,0.08518081740491823,Y,0.0012352466583251953
19,0,0,N,0.0008165836334228516
33,0,0,N,0.0008165836334228516
19,0.0,0.2461977891296101,Y,0.0012319087982177734
34,4.764791539279069,0.2461977891296101,Y,0.0012319087982177734
19,0.0,1.1627725293325994,Y,0.0012362003326416016
35,4.947894656794563,1.1627725293325994,Y,0.0012362003326416016
19,0.0,3.850543747173532,Y,0.001256704330444336
36,4.983803319370095,3.850543747173532,Y,0.001256704330444336
19,-1.9610979506978765e-12,0.1629882142109409,Y,0.007033824920654297
37,0.5273683923373481,0.1629882142109409,Y,0.007033824920654297
19,-1.9610979506978765e-12,0.15043183353994038,Y,0.003545045852661133
38,0.4482804663197296,0.15043183353994038,Y,0.003545045852661133
19,-1.9610979506978765e-12,0.08299982452930976,Y,0.0018470287322998047
39,0.42187819966784484,0.08299982452930976,Y,0.0018470287322998047
19,-1.9610979506978765e-12,0.22641689264791864,Y,0.0053136348724365234
40,0.18973280778276955,0.22641689264791864,Y,0.0053136348724365234
19,0,0,N,0.0017824172973632812
41,0,0,N,0.0017824172973632812
19,0,0,N,0.0010447502136230469
42,0,0,N,0.0010447502136230469
19,0,0,N,0.0011005401611328125
43,0,0,N,0.0011005401611328125
19,-1.9610979506978765e-12,0.009999999999990905,Y,0.0067942142486572266
44,0.11802635415921614,0.009999999999990905,Y,0.0067942142486572266
19,0,0,N,0.0012989044189453125
45,0,0,N,0.0012989044189453125
19,0,0,N,0.0011670589447021484
46,0,0,N,0.0011670589447021484
19,-1.9610979506978765e-12,0.04674718631363817,Y,0.0048370361328125
47,0.0663400747566597,0.04674718631363817,Y,0.0048370361328125
19,0,0,N,0.0010828971862792969
48,0,0,N,0.0010828971862792969
19,0,0,N,0.0012784004211425781
49,0,0,N,0.0012784004211425781
19,-1.9610979506978765e-12,0.09933429101211289,Y,0.0022611618041992188
50,0.025833005821653817,0.09933429101211289,Y,0.0022611618041992188
19,-1.9610979506978765e-12,0.017630658496727847,Y,0.005401611328125
51,0.022366925603287388,0.017630658496727847,Y,0.005401611328125
19,-1.9610979506978765e-12,1.4785513130416916,Y,0.0018429756164550781
52,4.954930399228537,1.4785513130416916,Y,0.0018429756164550781
19,0,0,N,0.0010943412780761719
53,0,0,N,0.0010943412780761719
19,0,0,N,0.0008447170257568359
54,0,0,N,0.0008447170257568359
19,0,0,N,0.0012896060943603516
55,0,0,N,0.0012896060943603516
19,-1.9610979506978765e-12,0.05819087127221678,Y,0.004686594009399414
56,0.2280941690086942,0.05819087127221678,Y,0.004686594009399414
19,-1.9610979506978765e-12,0.08883503351360389,Y,0.002942800521850586
57,0.5271066490841887,0.08883503351360389,Y,0.002942800521850586
19,0,0,N,0.004803180694580078
58,0,0,N,0.004803180694580078
19,0,0,N,0.0011556148529052734
59,0,0,N,0.0011556148529052734
19,0,0,N,0.0010266304016113281
60,0,0,N,0.0010266304016113281
19,-1.9610979506978765e-12,0.107274093204353,Y,0.0021066665649414062
61,0.029074865199749222,0.107274093204353,Y,0.0021066665649414062
19,0,0,N,0.0012028217315673828
62,0,0,N,0.0012028217315673828
19,-1.9610979506978765e-12,0.212046353560865,Y,0.004893064498901367
63,1.0607331922065193,0.212046353560865,Y,0.004893064498901367
19,-1.9610979506978765e-12,0.0819841823098102,Y,0.003385305404663086
64,0.11370792660529405,0.0819841823098102,Y,0.003385305404663086
19,0,0,N,0.0008499622344970703
65,0,0,N,0.0008499622344970703
19,-1.9610979506978765e-12,0.27750921015159236,Y,0.0049877166748046875
66,0.33229462169681667,0.27750921015159236,Y,0.0049877166748046875
19,-1.9610979506978765e-12,1.316223891642693,Y,0.004805803298950195
67,4.896177082881124,1.316223891642693,Y,0.004805803298950195
19,0,0,N,0.0045299530029296875
68,0,0,N,0.0045299530029296875
19,-1.9610979506978765e-12,0.009999999999990905,Y,0.0019032955169677734
69,0.036527223064301596,0.009999999999990905,Y,0.0019032955169677734
19,0,0,N,0.0008609294891357422
70,0,0,N,0.0008609294891357422
19,-1.9610979506978765e-12,0.3030553493117196,Y,0.006568193435668945
71,0.88076669565875,0.3030553493117196,Y,0.006568193435668945
19,-1.8047785488306545e-12,0.6058706630341675,Y,0.006304264068603516
72,0.5518763840119563,0.6058706630341675,Y,0.006304264068603516
19,-1.9610979506978765e-12,0.5157131325481146,Y,0.003642559051513672
73,0.3256475621898817,0.5157131325481146,Y,0.003642559051513672
20,4.757334830643157,0.5231379991040512,Y,0.0012712478637695312
21,5.0,0.5231379991040512,Y,0.0012712478637695312
20,5.0,0.3430454027276255,Y,0.0012514591217041016
22,4.416506684935264,0.3430454027276255,Y,0.0012514591217041016
20,4.7579012751957475,0.23883049436631154,Y,0.0012545585632324219
23,0.0,0.23883049436631154,Y,0.0012545585632324219
20,4.756963263359147,0.7096335122203783,Y,0.0012516975402832031
24,5.0,0.7096335122203783,Y,0.0012516975402832031
20,4.756366547990272,1.0091344201551067,Y,0.0012509822845458984
25,5.0,1.0091344201551067,Y,0.0012509822845458984
20,4.7579012751957475,0.23883049436631154,Y,0.0012445449829101562
26,0.0,0.23883049436631154,Y,0.0012445449829101562
20,4.757068953038974,0.6565861856796431,Y,0.0012578964233398438
27,5.0,0.6565861856796431,Y,0.0012578964233398438
20,4.7579012751957475,0.23883049436631154,Y,0.0012314319610595703
28,0.0,0.23883049436631154,Y,0.0012314319610595703
20,4.75624051437152,1.0723926923043763,Y,0.00124359130859375
29,5.0,1.0723926923043763,Y,0.00124359130859375
20,4.757175526933807,0.6030950575545688,Y,0.0012621879577636719
30,5.0,0.6030950575545688,Y,0.0012621879577636719
20,4.7579012751957475,0.23883049436631154,Y,0.0012373924255371094
31,0.0,0.23883049436631154,Y,0.0012373924255371094
20,5.0,0.3361387477026625,Y,0.0012481212615966797
32,4.375127525706953,0.3361387477026625,Y,0.0012481212615966797
20,4.896515402490782,0.24578845306137964,Y,0.0012497901916503906
33,0.0,0.24578845306137964,Y,0.0012497901916503906
20,4.757386596849011,0.49715571942735437,Y,0.0012402534484863281
34,5.0,0.49715571942735437,Y,0.0012402534484863281
20,4.7555604446745745,1.4137304596303437,Y,0.0012447834014892578
35,5.0,1.4137304596303437,Y,0.0012447834014892578
20,4.750205421195733,4.101501677471276,Y,0.0012409687042236328
36,5.0,4.101501677471276,Y,0.0012409687042236328
20,4.75755238076033,0.4139461445083725,Y,0.006733417510986328
37,0.5688676553469145,0.4139461445083725,Y,0.006733417510986328
20,4.7575773976660685,0.40138976383752833,Y,0.0032396316528320312
38,0.4844681564505473,0.40138976383752833,Y,0.0032396316528320312
20,4.757711746894529,0.3339577548268693,Y,0.003463268280029297
39,0.48356886563633816,0.3339577548268693,Y,0.003463268280029297
20,4.757426007634592,0.4773748229456487,Y,0.00744318962097168
40,0.21336920767760498,0.4773748229456487,Y,0.00744318962097168
20,4.757901275195536,0.2388304943661126,Y,0.005228519439697266
41,0.0,0.2388304943661126,Y,0.005228519439697266
20,4.757901275196048,0.23883049436615522,Y,0.003225088119506836
42,0.0,0.23883049436615522,Y,0.003225088119506836
20,4.757901275195309,0.23883049436796,Y,0.004186153411865234
43,-3.8746783559417963e-13,0.23883049436796,Y,0.004186153411865234
20,4.8302308804106815,0.2569940837257718,Y,0.009430408477783203
44,0.17152638668951425,0.2569940837257718,Y,0.009430408477783203
20,4.757901275198321,0.23883049436628312,Y,0.0025446414947509766
45,0.0,0.23883049436628312,Y,0.0025446414947509766
20,4.757901275196616,0.23883049436633996,Y,0.0021696090698242188
46,0.0,0.23883049436633996,Y,0.0021696090698242188
20,4.7577839754119395,0.29770511661141086,Y,0.0047986507415771484
47,0.0835587713997169,0.29770511661141086,Y,0.0047986507415771484
20,4.757901275195877,0.2388304943662547,Y,0.0028204917907714844
48,0.0,0.2388304943662547,Y,0.0028204917907714844
20,4.757901275196616,0.2388304943666384,Y,0.0029687881469726562
49,0.0,0.2388304943666384,Y,0.0029687881469726562
20,4.757679202664917,0.3502922213100135,Y,0.006487607955932617
50,0.02898978167185008,0.3502922213100135,Y,0.006487607955932617
20,4.757841986185895,0.2685885887944863,Y,0.006190061569213867
51,0.03775602883254298,0.2685885887944863,Y,0.006190061569213867
20,4.754931297827454,1.729509243339379,Y,0.002329111099243164
52,5.0,1.729509243339379,Y,0.002329111099243164
20,4.75790127519474,0.23883049436945214,Y,0.002428293228149414
53,-3.4921510128071986e-12,0.23883049436945214,Y,0.002428293228149414
20,4.757901275195877,0.23883049436619785,Y,0.001310586929321289
54,0.0,0.23883049436619785,Y,0.001310586929321289
20,4.75790127519474,0.2388304943661126,Y,0.0024847984313964844
55,0.0,0.2388304943661126,Y,0.0024847984313964844
20,4.757761175404994,0.30914880156980473,Y,0.003963470458984375
56,0.27565835632028923,0.30914880156980473,Y,0.003963470458984375
20,4.757700121023561,0.33979296381117763,Y,0.0017952919006347656
57,0.5991252457338281,0.33979296381117763,Y,0.0017952919006347656
20,4.757901275195138,0.23883049436615522,Y,0.006760597229003906
58,0.0,0.23883049436615522,Y,0.006760597229003906
20,4.757901275202585,0.23883049436646786,Y,0.0017311573028564453
59,0.0,0.23883049436646786,Y,0.0017311573028564453
20,4.757901275196389,0.2388304943661126,Y,0.0014336109161376953
60,0.0,0.2388304943661126,Y,0.0014336109161376953
20,4.757663383672195,0.3582320235019836,Y,0.004081249237060547
61,0.03236504223542183,0.3582320235019836,Y,0.004081249237060547
20,4.757901275195422,0.2388304943662547,Y,0.004283905029296875
62,0.0,0.2388304943662547,Y,0.004283905029296875
20,4.757454639006198,0.4630042838586519,Y,0.0043489933013916016
63,1.2156906222125914,0.4630042838586519,Y,0.0043489933013916016
20,4.757713770425255,0.3329421126074408,Y,0.0018658638000488281
64,0.13054112279812446,0.3329421126074408,Y,0.0018658638000488281
20,4.757901275195877,0.23883049436619785,Y,0.0012919902801513672
65,0.0,0.23883049436619785,Y,0.0012919902801513672
20,4.757324213047184,0.5284671404493366,Y,0.004388093948364258
66,0.35947243957209846,0.5284671404493366,Y,0.004388093948364258
20,4.7552547134279735,1.567181821940352,Y,0.0041921138763427734
67,5.0,1.567181821940352,Y,0.0041921138763427734
20,4.757901275194399,0.23883049436643944,Y,0.0067636966705322266
68,-9.619249841108513e-13,0.23883049436643944,Y,0.0067636966705322266
20,4.757872278398963,0.25338444675567473,Y,0.0049593448638916016
69,0.053166863227328214,0.25338444675567473,Y,0.0049593448638916016
20,4.757901275196446,0.23883049436658155,Y,0.001271963119506836
70,-2.318145675417327e-13,0.23883049436658155,Y,0.001271963119506836
20,4.798976610539341,0.5540132796094497,Y,0.00754094123840332
71,0.901711287179126,0.5540132796094497,Y,0.00754094123840332
20,4.756670481201013,0.8565855195907943,Y,0.0060307979583740234
72,0.5630195166970698,0.8565855195907943,Y,0.0060307979583740234
20,4.756849623694279,0.7666710628457736,Y,0.0036029815673828125
73,0.335901148403997,0.7666710628457736,Y,0.0036029815673828125
21,5.0,0.37639497716763515,Y,0.0012617111206054688
22,4.416346681079148,0.37639497716763515,Y,0.0012617111206054688
21,4.786241064062051,0.27218006880630696,Y,0.0012516975402832031
23,0.0,0.27218006880630696,Y,0.0012516975402832031
21,4.785413082017559,0.7429830866603879,Y,0.0012493133544921875
24,5.0,0.7429830866603879,Y,0.0012493133544921875
21,4.784886361999782,1.0424839945951163,Y,0.0012521743774414062
25,5.0,1.0424839945951163,Y,0.0012521743774414062
21,4.786241064062051,0.27218006880630696,Y,0.0012369155883789062
26,0.0,0.27218006880630696,Y,0.0012369155883789062
21,4.785506374184883,0.6899357601196527,Y,0.0012412071228027344
27,5.0,0.6899357601196527,Y,0.0012412071228027344
21,4.786241064062051,0.27218006880630696,Y,0.0012347698211669922
28,0.0,0.27218006880630696,Y,0.0012347698211669922
21,4.784775112259332,1.105742266744386,Y,0.0012433528900146484
29,5.0,1.105742266744386,Y,0.0012433528900146484
21,4.785600446847596,0.6364446319945642,Y,0.001239776611328125
30,5.0,0.6364446319945642,Y,0.001239776611328125
21,4.786241064062051,0.27218006880630696,Y,0.0012235641479492188
31,0.0,0.27218006880630696,Y,0.0012235641479492188
21,5.0,0.3694883221426579,Y,0.001245260238647461
32,4.374956165244689,0.3694883221426579,Y,0.001245260238647461
21,4.90859560594521,0.2791380275014035,Y,0.0012409687042236328
33,0.0,0.2791380275014035,Y,0.0012409687042236328
21,5.0,0.5305052938673498,Y,0.0012545585632324219
34,4.7642412494166955,0.5305052938673498,Y,0.0012545585632324219
21,4.784174815465085,1.4470800340703391,Y,0.0012362003326416016
35,5.0,1.4470800340703391,Y,0.0012362003326416016
21,4.779447941969028,4.134851251911286,Y,0.0012352466583251953
36,5.0,4.134851251911286,Y,0.0012352466583251953
21,4.785933095320303,0.44729571894865217,Y,0.0064580440521240234
37,0.5688676553469145,0.44729571894865217,Y,0.0064580440521240234
21,4.7859551777143,0.43473933827777955,Y,0.0030221939086914062
38,0.4844681564505473,0.43473933827777955,Y,0.0030221939086914062
21,4.786073767634775,0.36730732926702103,Y,0.004821062088012695
39,0.48356886563633816,0.36730732926702103,Y,0.004821062088012695
21,4.785821545893327,0.5107243973858004,Y,0.008346796035766602
40,0.21336920767760498,0.5107243973858004,Y,0.008346796035766602
21,4.786241064062011,0.27218006880617907,Y,0.005551338195800781
41,0.0,0.27218006880617907,Y,0.005551338195800781
21,4.786241064063518,0.27218006880640644,Y,0.0023021697998046875
42,0.0,0.27218006880640644,Y,0.0023021697998046875
21,4.786241064062409,0.2721800688078275,Y,0.003648996353149414
43,-3.8746783559417963e-13,0.2721800688078275,Y,0.003648996353149414
21,4.850086329211251,0.29034365816590935,Y,0.009479045867919922
44,0.17152638668951425,0.29034365816590935,Y,0.009479045867919922
21,4.786241064064484,0.272180068806378,Y,0.0026280879974365234
45,0.0,0.272180068806378,Y,0.0026280879974365234
21,4.786241064063859,0.272180068806378,Y,0.0021753311157226562
46,0.0,0.272180068806378,Y,0.0021753311157226562
21,4.7861375236695665,0.3310546910514205,Y,0.005533456802368164
47,0.0835587713997169,0.3310546910514205,Y,0.005533456802368164
21,4.786241064063887,0.27218006880640644,Y,0.0017139911651611328
48,0.0,0.27218006880640644,Y,0.0017139911651611328
21,4.786241064063518,0.27218006880627854,Y,0.002020597457885742
49,0.0,0.27218006880627854,Y,0.002020597457885742
21,4.786045040876104,0.3836417957500373,Y,0.0038166046142578125
50,0.02898978167185008,0.3836417957500373,Y,0.0038166046142578125
21,4.786188729719385,0.3019381632345244,Y,0.005328178405761719
51,0.03775602883254298,0.3019381632345244,Y,0.005328178405761719
21,4.783619468214255,1.7628588177793603,Y,0.0018029212951660156
52,5.0,1.7628588177793603,Y,0.0018029212951660156
21,4.78624106405627,0.2721800688092486,Y,0.0036263465881347656
53,-1.7173484856414234e-12,0.2721800688092486,Y,0.0036263465881347656
21,4.786241064063859,0.2721800688063212,Y,0.0012712478637695312
54,0.0,0.2721800688063212,Y,0.0012712478637695312
21,4.786241064063745,0.272180068806378,Y,0.0035779476165771484
55,0.0,0.272180068806378,Y,0.0035779476165771484
21,4.786117398127686,0.34249837600992805,Y,0.004155635833740234
56,0.27565835632028923,0.34249837600992805,Y,0.004155635833740234
21,4.786063505491285,0.37314253825131516,Y,0.001898050308227539
57,0.5991252457338281,0.37314253825131516,Y,0.001898050308227539
21,4.786241064063347,0.27218006880629275,Y,0.00644683837890625
58,0.0,0.27218006880629275,Y,0.00644683837890625
21,4.786241064063347,0.27218006880629275,Y,0.0016777515411376953
59,0.0,0.27218006880629275,Y,0.0016777515411376953
21,4.786241064063859,0.2721800688063212,Y,0.001440286636352539
60,0.0,0.2721800688063212,Y,0.001440286636352539
21,4.786031077469659,0.3915815979420927,Y,0.0036644935607910156
61,0.03236504223542183,0.3915815979420927,Y,0.0036644935607910156
21,4.786241064063319,0.2721800688063496,Y,0.004508256912231445
62,0.0,0.2721800688063496,Y,0.004508256912231445
21,4.785846818774161,0.49635385829871836,Y,0.004217624664306641
63,1.2156906222125914,0.49635385829871836,Y,0.004217624664306641
21,4.786075553803357,0.36629168704752146,Y,0.001917123794555664
64,0.13054112279812446,0.36629168704752146,Y,0.001917123794555664
21,4.786241064063859,0.2721800688063212,Y,0.0012962818145751953
65,0.0,0.2721800688063212,Y,0.0012962818145751953
21,4.785731691919523,0.5618167148892894,Y,0.0044782161712646484
66,0.35947243957209846,0.5618167148892894,Y,0.0044782161712646484
21,4.783904946821906,1.6005313963804184,Y,0.004185676574707031
67,5.0,1.6005313963804184,Y,0.004185676574707031
21,4.786241064063063,0.27218006880643486,Y,0.006904125213623047
68,-9.619249841108513e-13,0.27218006880643486,Y,0.006904125213623047
21,4.786215468622174,0.28673402119582647,Y,0.004822492599487305
69,0.053166863227328214,0.28673402119582647,Y,0.004822492599487305
21,4.786241064063859,0.2721800688066054,Y,0.00128173828125
70,-2.318145675417327e-13,0.2721800688066054,Y,0.00128173828125
21,4.8224982186289935,0.5873628540494593,Y,0.0062694549560546875
71,0.901711287179126,0.5873628540494593,Y,0.0062694549560546875
21,4.788498699596374,0.8901252610953065,Y,0.0061037540435791016
72,0.5630195166970698,0.8901252610953065,Y,0.0061037540435791016
21,4.785312772408048,0.8000206372858969,Y,0.003482341766357422
73,0.335901148403997,0.8000206372858969,Y,0.003482341766357422
22,4.417710725386348,0.09208747242988125,Y,0.0012559890747070312
23,0.0,0.09208747242988125,Y,0.0012559890747070312
22,4.415451916999538,0.5628904902839622,Y,0.0012462139129638672
24,5.0,0.5628904902839622,Y,0.0012462139129638672
22,4.414014978117142,0.8623913982186906,Y,0.001241445541381836
25,5.0,0.8623913982186906,Y,0.001241445541381836
22,4.417710725386348,0.09208747242988125,Y,0.0012433528900146484
26,0.0,0.09208747242988125,Y,0.0012433528900146484
22,4.4157064262981525,0.5098431637432128,Y,0.0012545585632324219
27,5.0,0.5098431637432128,Y,0.0012545585632324219
22,4.417710725386348,0.09208747242988125,Y,0.0012409687042236328
28,0.0,0.09208747242988125,Y,0.0012409687042236328
22,4.413711478967095,0.9256496703679602,Y,0.0012581348419189453
29,5.0,0.9256496703679602,Y,0.0012581348419189453
22,4.415963064858715,0.45635203561813853,Y,0.0012400150299072266
30,5.0,0.45635203561813853,Y,0.0012400150299072266
22,4.417710725386348,0.09208747242988125,Y,0.0012433528900146484
31,0.0,0.09208747242988125,Y,0.0012433528900146484
22,5.0,0.1893957257662322,Y,0.0012524127960205078
32,4.3758815368869906,0.1893957257662322,Y,0.0012524127960205078
22,4.751504757766539,0.09904543112496356,Y,0.0012500286102294922
33,0.0,0.09904543112496356,Y,0.0012500286102294922
22,4.416471338290039,0.3504126974909241,Y,0.0012404918670654297
34,5.0,0.3504126974909241,Y,0.0012404918670654297
22,4.412073816118677,1.2669874376939134,Y,0.0012423992156982422
35,5.0,1.2669874376939134,Y,0.0012423992156982422
22,4.399178486362061,3.95475865553486,Y,0.0012400150299072266
36,5.0,3.95475865553486,Y,0.0012400150299072266
22,4.416870559361655,0.26720312257224066,Y,0.007714271545410156
37,0.5688676553469145,0.26720312257224066,Y,0.007714271545410156
22,4.416930802092224,0.2546467419011833,Y,0.0031833648681640625
38,0.4844681564505473,0.2546467419011833,Y,0.0031833648681640625
22,4.4172543259034,0.18721473289046742,Y,0.0034885406494140625
39,0.48356886563633816,0.18721473289046742,Y,0.0034885406494140625
22,4.416566242657495,0.33063180100928946,Y,0.006688356399536133
40,0.21336920767760498,0.33063180100928946,Y,0.006688356399536133
22,4.417710725857887,0.09208747243954463,Y,0.0040204524993896484
41,0.0,0.09208747243954463,Y,0.0040204524993896484
22,4.417710725385973,0.09208747242981019,Y,0.002687692642211914
42,0.0,0.09208747242981019,Y,0.002687692642211914
22,4.417710725383586,0.09208747243143023,Y,0.002193450927734375
43,-8.051337374581635e-13,0.09208747243143023,Y,0.002193450927734375
22,4.591886266187657,0.1102510617895831,Y,0.0076215267181396484
44,0.17152638668951425,0.1102510617895831,Y,0.0076215267181396484
22,4.417710725406096,0.09208747243016546,Y,0.0021164417266845703
45,0.0,0.09208747243016546,Y,0.0021164417266845703
22,4.417710725387337,0.09208747242983861,Y,0.0019059181213378906
46,0.0,0.09208747242983861,Y,0.0019059181213378906
22,4.41742825801839,0.15096209467506583,Y,0.004702091217041016
47,0.0835587713997169,0.15096209467506583,Y,0.004702091217041016
22,4.417710725387337,0.09208747242983861,Y,0.0014605522155761719
48,0.0,0.09208747242983861,Y,0.0014605522155761719
22,4.417710725417237,0.09208747243017967,Y,0.0018589496612548828
49,0.0,0.09208747243017967,Y,0.0018589496612548828
22,4.417175956752317,0.20354919937352633,Y,0.004355669021606445
50,0.02898978167185008,0.20354919937352633,Y,0.004355669021606445
22,4.417567952653371,0.12184556685816972,Y,0.005671262741088867
51,0.03775602883254298,0.12184556685816972,Y,0.005671262741088867
22,4.410558779610938,1.5827662214030056,Y,0.0019385814666748047
52,5.0,1.5827662214030056,Y,0.0019385814666748047
22,4.417710725408142,0.09208747243188498,Y,0.0015804767608642578
53,-1.7173484856414234e-12,0.09208747243188498,Y,0.0015804767608642578
22,4.417710725386996,0.09208747242983861,Y,0.001253366470336914
54,0.0,0.09208747242983861,Y,0.001253366470336914
22,4.417710725385632,0.09208747242976756,Y,0.0021796226501464844
55,-1.6653345369377348e-15,0.09208747242976756,Y,0.0021796226501464844
22,4.417373353757171,0.16240577963343128,Y,0.003793954849243164
56,0.27565835632028923,0.16240577963343128,Y,0.003793954849243164
22,4.4172263298660255,0.19304994187473312,Y,0.0018448829650878906
57,0.5991252457338281,0.19304994187473312,Y,0.0018448829650878906
22,4.417710725388588,0.09208747242988125,Y,0.007287025451660156
58,0.0,0.09208747242988125,Y,0.007287025451660156
22,4.417710725410757,0.09208747243017967,Y,0.0017344951629638672
59,0.0,0.09208747243017967,Y,0.0017344951629638672
22,4.417710725386996,0.09208747242973914,Y,0.0014507770538330078
60,0.0,0.09208747242973914,Y,0.0014507770538330078
22,4.417137863350604,0.21148900156551065,Y,0.0021212100982666016
61,0.032365042235421804,0.21148900156551065,Y,0.0021212100982666016
22,4.417710725383131,0.09208747242963966,Y,0.00180816650390625
62,0.0,0.09208747242963966,Y,0.00180816650390625
22,4.4166351892941975,0.3162612619222074,Y,0.00462651252746582
63,1.2156906222125914,0.3162612619222074,Y,0.00462651252746582
22,4.417259198729425,0.1861990906711668,Y,0.0027663707733154297
64,0.13054112279812446,0.1861990906711668,Y,0.0027663707733154297
22,4.417710725386996,0.09208747242983861,Y,0.001705169677734375
65,0.0,0.09208747242983861,Y,0.001705169677734375
22,4.4163211130545506,0.3817241185129774,Y,0.006438016891479492
66,0.35947243957209846,0.3817241185129774,Y,0.006438016891479492
22,4.411337590543894,1.42043880000395,Y,0.004942655563354492
67,5.0,1.42043880000395,Y,0.004942655563354492
22,4.417710725389497,0.09208747243009441,Y,0.011243104934692383
68,-9.619249841108513e-13,0.09208747243009441,Y,0.011243104934692383
22,4.417640898753234,0.10664142481938654,Y,0.005906105041503906
69,0.053166863227328214,0.10664142481938654,Y,0.005906105041503906
22,4.417710725385632,0.09208747242999493,Y,0.0016207695007324219
70,-2.318145675417327e-13,0.09208747242999493,Y,0.0016207695007324219
22,4.516623455883291,0.4072702576731473,Y,0.007395267486572266
71,0.901711287179126,0.4072702576731473,Y,0.007395267486572266
22,4.414746873881086,0.7098424976547193,Y,0.005856990814208984
72,0.5630195166970698,0.7098424976547193,Y,0.005856990814208984
22,4.415178263491839,0.6199280409094428,Y,0.0034372806549072266
73,0.335901148403997,0.6199280409094428,Y,0.0034372806549072266
23,0.0,0.45867558192264823,Y,0.0012392997741699219
24,4.8707176565566,0.45867558192264823,Y,0.0012392997741699219
23,0.0,0.7581764898573624,Y,0.0012280941009521484
25,4.920789358771749,0.7581764898573624,Y,0.0012280941009521484
23,0,0,N,0.0007889270782470703
26,0,0,N,0.0007889270782470703
23,0.0,0.40562825538189884,Y,0.001219034194946289
27,4.8543646560651705,0.40562825538189884,Y,0.001219034194946289
23,0,0,N,0.0008132457733154297
28,0,0,N,0.0008132457733154297
23,0.0,0.8214347620066178,Y,0.0012202262878417969
29,4.926762637281793,0.8214347620066178,Y,0.0012202262878417969
23,0.0,0.35213712725682456,Y,0.0012335777282714844
30,4.833051978241257,0.35213712725682456,Y,0.0012335777282714844
23,0,0,N,0.0007879734039306641
31,0,0,N,0.0007879734039306641
23,0.0,0.08518081740491823,Y,0.0012242794036865234
32,4.3764170254253285,0.08518081740491823,Y,0.0012242794036865234
23,0,0,N,0.0008134841918945312
33,0,0,N,0.0008134841918945312
23,0.0,0.2461977891296101,Y,0.0012307167053222656
34,4.764791539279069,0.2461977891296101,Y,0.0012307167053222656
23,0.0,1.1627725293325994,Y,0.0012383460998535156
35,4.947894656794563,1.1627725293325994,Y,0.0012383460998535156
23,0.0,3.850543747173532,Y,0.0012273788452148438
36,4.983803319370095,3.850543747173532,Y,0.0012273788452148438
23,0.0,0.16298821421084142,Y,0.010012149810791016
37,0.5273683923373197,0.16298821421084142,Y,0.010012149810791016
23,0.0,0.1504318335398267,Y,0.0020296573638916016
38,0.4482804663196449,0.1504318335398267,Y,0.0020296573638916016
23,0.0,0.08299982452923871,Y,0.002019643783569336
39,0.4218781996679172,0.08299982452923871,Y,0.002019643783569336
23,0.0,0.22641689264780496,Y,0.00408482551574707
40,0.189732807782712,0.22641689264780496,Y,0.00408482551574707
23,0,0,N,0.002517223358154297
41,0,0,N,0.002517223358154297
23,0,0,N,0.0016787052154541016
42,0,0,N,0.0016787052154541016
23,0,0,N,0.0015063285827636719
43,0,0,N,0.0015063285827636719
23,0.0,0.009999999999990905,Y,0.008171796798706055
44,0.11802635416054841,0.009999999999990905,Y,0.008171796798706055
23,0,0,N,0.0015163421630859375
45,0,0,N,0.0015163421630859375
23,0,0,N,0.0014955997467041016
46,0,0,N,0.0014955997467041016
23,0.0,0.046747186313595535,Y,0.0023021697998046875
47,0.06634007475667991,0.046747186313595535,Y,0.0023021697998046875
23,0,0,N,0.001115560531616211
48,0,0,N,0.001115560531616211
23,0,0,N,0.001302957534790039
49,0,0,N,0.001302957534790039
23,0.0,0.09933429101205604,Y,0.0048749446868896484
50,0.025833005821673274,0.09933429101205604,Y,0.0048749446868896484
23,0.0,0.0176306584967989,Y,0.0026569366455078125
51,0.02236692560336597,0.0176306584967989,Y,0.0026569366455078125
23,0.0,1.4785513130414785,Y,0.0018267631530761719
52,4.954930399228276,1.4785513130414785,Y,0.0018267631530761719
23,0,0,N,0.0009999275207519531
53,0,0,N,0.0009999275207519531
23,0,0,N,0.0008437633514404297
54,0,0,N,0.0008437633514404297
23,0,0,N,0.0013151168823242188
55,0,0,N,0.0013151168823242188
23,0.0,0.058190871272074673,Y,0.004376411437988281
56,0.22809416900874993,0.058190871272074673,Y,0.004376411437988281
23,0.0,0.08883503351353284,Y,0.0022776126861572266
57,0.5271066490847053,0.08883503351353284,Y,0.0022776126861572266
23,0,0,N,0.005000114440917969
58,0,0,N,0.005000114440917969
23,0,0,N,0.0013904571533203125
59,0,0,N,0.0013904571533203125
23,0,0,N,0.0010271072387695312
60,0,0,N,0.0010271072387695312
23,0.0,0.10727409320415404,Y,0.002481698989868164
61,0.029074865199745142,0.10727409320415404,Y,0.002481698989868164
23,0,0,N,0.0015730857849121094
62,0,0,N,0.0015730857849121094
23,0.0,0.2120463535607655,Y,0.005686759948730469
63,1.0607331922063383,0.2120463535607655,Y,0.005686759948730469
23,0.0,0.08198418230971072,Y,0.0018885135650634766
64,0.11370792660524476,0.08198418230971072,Y,0.0018885135650634766
23,0,0,N,0.0008373260498046875
65,0,0,N,0.0008373260498046875
23,0.0,0.2775092101514218,Y,0.005884647369384766
66,0.3322946216968008,0.2775092101514218,Y,0.005884647369384766
23,0.0,1.316223891642636,Y,0.005961418151855469
67,4.896177082881074,1.316223891642636,Y,0.005961418151855469
23,0,0,N,0.0013153553009033203
68,0,0,N,0.0013153553009033203
23,0.0,0.009999999999990905,Y,0.0021064281463623047
69,0.03652722306487256,0.009999999999990905,Y,0.0021064281463623047
23,0,0,N,0.0008533000946044922
70,0,0,N,0.0008533000946044922
23,0.0,0.3030553493116628,Y,0.007946252822875977
71,0.8807666956586906,0.3030553493116628,Y,0.007946252822875977
23,0.0,0.6056275892933058,Y,0.007602691650390625
72,0.5516517652252896,0.6056275892933058,Y,0.007602691650390625
23,0.0,0.5157131325480435,Y,0.0036957263946533203
73,0.3256475621898877,0.5157131325480435,Y,0.0036957263946533203
24,4.8698995820149085,1.2289795077114434,Y,0.001277923583984375
25,5.0,1.2289795077114434,Y,0.001277923583984375
24,4.8707176565566,0.45867558192264823,Y,0.0012383460998535156
26,0.0,0.45867558192264823,Y,0.0012383460998535156
24,5.0,0.8764312732359798,Y,0.0012462139129638672
27,4.853801165216495,0.8764312732359798,Y,0.0012462139129638672
24,4.8707176565566,0.45867558192264823,Y,0.0012319087982177734
28,0.0,0.45867558192264823,Y,0.0012319087982177734
24,4.869832400763068,1.292237779860713,Y,0.0012423992156982422
29,5.0,1.292237779860713,Y,0.0012423992156982422
24,5.0,0.8229401451108913,Y,0.0012459754943847656
30,4.832405740498426,0.8229401451108913,Y,0.0012459754943847656
24,4.8707176565566,0.45867558192264823,Y,0.0012400150299072266
31,0.0,0.45867558192264823,Y,0.0012400150299072266
24,5.0,0.5559838352589992,Y,0.0012562274932861328
32,4.373997893430189,0.5559838352589992,Y,0.0012562274932861328
24,4.944604851788733,0.46563354061773055,Y,0.0012590885162353516
33,0.0,0.46563354061773055,Y,0.0012590885162353516
24,5.0,0.7170008069836769,Y,0.0012590885162353516
34,4.76388027902931,0.7170008069836769,Y,0.0012590885162353516
24,4.869469894837654,1.6335755471866662,Y,0.0012590885162353516
35,5.0,1.6335755471866662,Y,0.0012590885162353516
24,4.866615440728586,4.321346765027613,Y,0.001251220703125
36,5.0,4.321346765027613,Y,0.001251220703125
24,4.870531681059776,0.633791232064965,Y,0.0064716339111328125
37,0.5688676553469145,0.633791232064965,Y,0.0064716339111328125
24,4.870545016127985,0.6212348513939787,Y,0.0036356449127197266
38,0.4844681564505473,0.6212348513939787,Y,0.0036356449127197266
24,4.870616629951775,0.5538028423833481,Y,0.0018720626831054688
39,0.48356886563633816,0.5538028423833481,Y,0.0018720626831054688
24,4.87046431883341,0.697219910501957,Y,0.005719900131225586
40,0.21336920767760498,0.697219910501957,Y,0.005719900131225586
24,4.870717656556525,0.45867558192256297,Y,0.003751993179321289
41,0.0,0.45867558192256297,Y,0.003751993179321289
24,4.8707176565563,0.4586755819226198,Y,0.0016903877258300781
42,0.0,0.4586755819226198,Y,0.0016903877258300781
24,4.870717656555751,0.4586755819241404,Y,0.0030066967010498047
43,-3.8746783559417963e-13,0.4586755819241404,Y,0.0030066967010498047
24,5.0,0.47683917128226483,Y,0.0063915252685546875
44,0.07068679101709208,0.47683917128226483,Y,0.0063915252685546875
24,4.870717656556817,0.45867558192266245,Y,0.0018079280853271484
45,0.0,0.45867558192266245,Y,0.0018079280853271484
24,4.870717656555751,0.4586755819225061,Y,0.0017213821411132812
46,0.0,0.4586755819225061,Y,0.0017213821411132812
24,4.870655130807873,0.5175502041676907,Y,0.0055353641510009766
47,0.0835587713997169,0.5175502041676907,Y,0.0055353641510009766
24,4.870717656556602,0.45867558192264823,Y,0.0014753341674804688
48,0.0,0.45867558192264823,Y,0.0014753341674804688
24,4.870717656556378,0.4586755819226198,Y,0.0019152164459228516
49,0.0,0.4586755819226198,Y,0.0019152164459228516
24,4.87059928249882,0.5701373088661938,Y,0.0022618770599365234
50,0.02898978167185008,0.5701373088661938,Y,0.0022618770599365234
24,4.870686053005785,0.48843367635087986,Y,0.006021738052368164
51,0.03775602883254298,0.48843367635087986,Y,0.006021738052368164
24,4.869134532943861,1.949354330895659,Y,0.001798868179321289
52,5.0,1.949354330895659,Y,0.001798868179321289
24,4.870717656556053,0.45867558192594515,Y,0.001905202865600586
53,-1.7173484856414234e-12,0.45867558192594515,Y,0.001905202865600586
24,4.870717656556605,0.4586755819226198,Y,0.0012645721435546875
54,0.0,0.4586755819226198,Y,0.0012645721435546875
24,4.870717656554944,0.458675581922364,Y,0.004425525665283203
55,0.0,0.458675581922364,Y,0.004425525665283203
24,4.870642977439432,0.5289938891262267,Y,0.004534244537353516
56,0.27565835632028923,0.5289938891262267,Y,0.004534244537353516
24,4.870610432870755,0.5596380513675712,Y,0.0019478797912597656
57,0.5991252457338281,0.5596380513675712,Y,0.0019478797912597656
24,4.870717656556508,0.458675581922634,Y,0.006476879119873047
58,0.0,0.458675581922634,Y,0.006476879119873047
24,4.870717656556903,0.4586755819226056,Y,0.0016617774963378906
59,0.0,0.4586755819226056,Y,0.0016617774963378906
24,4.870717656556605,0.4586755819225914,Y,0.0014410018920898438
60,0.0,0.4586755819225914,Y,0.0014410018920898438
24,4.870590850308038,0.5780771110583203,Y,0.004789590835571289
61,0.03236504223542183,0.5780771110583203,Y,0.004789590835571289
24,4.8707176565563,0.45867558192256297,Y,0.0032227039337158203
62,0.0,0.45867558192256297,Y,0.0032227039337158203
24,5.0,0.6828493714149033,Y,0.0049130916595458984
63,1.060132677068687,0.6828493714149033,Y,0.0049130916595458984
24,4.870617708579526,0.5527872001638343,Y,0.0018658638000488281
64,0.13054112279812446,0.5527872001638343,Y,0.0018658638000488281
24,4.870717656556605,0.4586755819226198,Y,0.0012433528900146484
65,0.0,0.4586755819226198,Y,0.0012433528900146484
24,4.870410058011679,0.7483122280055738,Y,0.004592418670654297
66,0.35947243957209846,0.7483122280055738,Y,0.004592418670654297
24,4.869306927146278,1.787026909496774,Y,0.004242420196533203
67,5.0,1.787026909496774,Y,0.004242420196533203
24,4.870717656556645,0.45867558192269087,Y,0.007508516311645508
68,-9.619249841108513e-13,0.45867558192269087,Y,0.007508516311645508
24,4.870702200036476,0.47322953431218195,Y,0.005625724792480469
69,0.053166863227328214,0.47322953431218195,Y,0.005625724792480469
24,4.870717656556605,0.45867558192280455,Y,0.0012829303741455078
70,-2.318145675417327e-13,0.45867558192280455,Y,0.0012829303741455078
24,4.892612548374567,0.7738583671657864,Y,0.007654905319213867
71,0.901711287179126,0.7738583671657864,Y,0.007654905319213867
24,4.8750589486892295,1.0769012083975582,Y,0.006826162338256836
72,0.5630195166970698,1.0769012083975582,Y,0.006826162338256836
24,4.87015708180602,0.9865161504021671,Y,0.0037453174591064453
73,0.335901148403997,0.9865161504021671,Y,0.0037453174591064453
25,4.920789358771749,0.7581764898573624,Y,0.0012423992156982422
26,0.0,0.7581764898573624,Y,0.0012423992156982422
25,5.0,1.175932181170694,Y,0.0012407302856445312
27,4.853442701030047,1.175932181170694,Y,0.0012407302856445312
25,4.920789358771749,0.7581764898573624,Y,0.0012311935424804688
28,0.0,0.7581764898573624,Y,0.0012311935424804688
25,4.920248298178465,1.5917386877954414,Y,0.001245260238647461
29,5.0,1.5917386877954414,Y,0.001245260238647461
25,5.0,1.1224410530456197,Y,0.0012412071228027344
30,4.831994636951491,1.1224410530456197,Y,0.0012412071228027344
25,4.920789358771749,0.7581764898573624,Y,0.0012280941009521484
31,0.0,0.7581764898573624,Y,0.0012280941009521484
25,5.0,0.8554847431937134,Y,0.0012478828430175781
32,4.37245896483075,0.8554847431937134,Y,0.0012478828430175781
25,4.965948565847634,0.7651344485524447,Y,0.0012476444244384766
33,0.0,0.7651344485524447,Y,0.0012476444244384766
25,5.0,1.0165017149184052,Y,0.0012555122375488281
34,4.763300581657851,1.0165017149184052,Y,0.0012555122375488281
25,4.920026737729451,1.9330764551213946,Y,0.0012614727020263672
35,5.0,1.9330764551213946,Y,0.0012614727020263672
25,4.918282120359756,4.620847672962341,Y,0.0012598037719726562
36,5.0,4.620847672962341,Y,0.0012598037719726562
25,4.920675692175849,0.9332921399997076,Y,0.006330966949462891
37,0.5688676553469145,0.9332921399997076,Y,0.006330966949462891
25,4.920683842452802,0.9207357593287071,Y,0.0035247802734375
38,0.4844681564505473,0.9207357593287071,Y,0.0035247802734375
25,4.9207276121951455,0.8533037503180765,Y,0.0017898082733154297
39,0.48356886563633816,0.8533037503180765,Y,0.0017898082733154297
25,4.920634520972929,0.9967208184366712,Y,0.0044558048248291016
40,0.21336920767760498,0.9967208184366712,Y,0.0044558048248291016
25,4.920789358771087,0.7581764898571919,Y,0.003599882125854492
41,0.0,0.7581764898571919,Y,0.003599882125854492
25,4.9207893587715725,0.758176489857334,Y,0.0016913414001464844
42,0.0,0.758176489857334,Y,0.0016913414001464844
25,4.920789358771346,0.758176489858883,Y,0.0018076896667480469
43,-3.8746783559417963e-13,0.758176489858883,Y,0.0018076896667480469
25,5.0,0.7763400792169932,Y,0.0067903995513916016
44,0.07033326566329023,0.7763400792169932,Y,0.0067903995513916016
25,4.920789358772028,0.758176489857405,Y,0.0017504692077636719
45,0.0,0.758176489857405,Y,0.0017504692077636719
25,4.920789358771161,0.7581764898572203,Y,0.0017306804656982422
46,0.0,0.7581764898572203,Y,0.0017306804656982422
25,4.920751143581625,0.8170511121024617,Y,0.00417017936706543
47,0.0835587713997169,0.8170511121024617,Y,0.00417017936706543
25,4.9207893587717555,0.7581764898573624,Y,0.0014896392822265625
48,0.0,0.7581764898573624,Y,0.0014896392822265625
25,4.920789358771342,0.7581764898572629,Y,0.0019714832305908203
49,0.0,0.7581764898572629,Y,0.0019714832305908203
25,4.920717009583789,0.8696382168008938,Y,0.0037550926208496094
50,0.02898978167185008,0.8696382168008938,Y,0.0037550926208496094
25,4.920770042957897,0.7879345842856083,Y,0.005239248275756836
51,0.03775602883254298,0.7879345842856083,Y,0.005239248275756836
25,4.919821767474829,2.248855238830359,Y,0.0018031597137451172
52,5.0,2.248855238830359,Y,0.0018031597137451172
25,4.920789358771346,0.7581764898606593,Y,0.0017368793487548828
53,-1.7173484856414234e-12,0.7581764898606593,Y,0.0017368793487548828
25,4.920789358771755,0.758176489857334,Y,0.0012438297271728516
54,0.0,0.758176489857334,Y,0.0012438297271728516
25,4.920789358771105,0.7581764898572771,Y,0.0038459300994873047
55,0.0,0.7581764898572771,Y,0.0038459300994873047
25,4.9207437155489515,0.8284947970609409,Y,0.003944873809814453
56,0.27565835632028923,0.8284947970609409,Y,0.003944873809814453
25,4.920723824593672,0.8591389593022711,Y,0.0019736289978027344
57,0.5991252457338281,0.8591389593022711,Y,0.0019736289978027344
25,4.920789358771764,0.7581764898573908,Y,0.006877899169921875
58,0.0,0.7581764898573908,Y,0.006877899169921875
25,4.92078935877108,0.7581764898572203,Y,0.0018048286437988281
59,0.0,0.7581764898572203,Y,0.0018048286437988281
25,4.920789358771755,0.7581764898573056,Y,0.0014493465423583984
60,0.0,0.7581764898573056,Y,0.0014493465423583984
25,4.920711855902141,0.8775780189930344,Y,0.004071474075317383
61,0.03236504223542183,0.8775780189930344,Y,0.004071474075317383
25,4.920789358771254,0.7581764898572914,Y,0.0033850669860839844
62,0.0,0.7581764898572914,Y,0.0033850669860839844
25,5.0,0.9823502793495607,Y,0.003715991973876953
63,1.059750659913055,0.9823502793495607,Y,0.003715991973876953
25,4.920728271442894,0.8522881080985485,Y,0.0018613338470458984
64,0.13054112279812446,0.8522881080985485,Y,0.0018613338470458984
25,4.920789358771755,0.758176489857334,Y,0.0012514591217041016
65,0.0,0.758176489857334,Y,0.0012514591217041016
25,4.92060135723351,1.0478131359403307,Y,0.005405902862548828
66,0.35947243957209846,1.0478131359403307,Y,0.005405902862548828
25,5.0,2.0865278174314312,Y,0.005099773406982422
67,4.89552470650338,2.0865278174314312,Y,0.005099773406982422
25,4.920789358771569,0.7581764898574335,Y,0.0053637027740478516
68,-9.428569036629142e-13,0.7581764898574335,Y,0.0053637027740478516
25,4.920779911882285,0.7727304422469246,Y,0.0066111087799072266
69,0.053166863227328214,0.7727304422469246,Y,0.0066111087799072266
25,4.920789358771662,0.7581764898575045,Y,0.0013005733489990234
70,-2.318145675417327e-13,0.7581764898575045,Y,0.0013005733489990234
25,4.934171325030093,1.0733592751004863,Y,0.006844758987426758
71,0.901711287179126,1.0733592751004863,Y,0.006844758987426758
25,4.920388377415622,1.375931515082101,Y,0.006755828857421875
72,0.5630195166970698,1.375931515082101,Y,0.006755828857421875
25,4.9204467403901715,1.286017058336867,Y,0.0037026405334472656
73,0.335901148403997,1.286017058336867,Y,0.0037026405334472656
26,0.0,0.40562825538189884,Y,0.0012464523315429688
27,4.8543646560651705,0.40562825538189884,Y,0.0012464523315429688
26,0,0,N,0.0008161067962646484
28,0,0,N,0.0008161067962646484
26,0.0,0.8214347620066178,Y,0.0012319087982177734
29,4.926762637281793,0.8214347620066178,Y,0.0012319087982177734
26,0.0,0.35213712725682456,Y,0.0012221336364746094
30,4.833051978241257,0.35213712725682456,Y,0.0012221336364746094
26,0,0,N,0.0007882118225097656
31,0,0,N,0.0007882118225097656
26,0.0,0.08518081740491823,Y,0.0012273788452148438
32,4.3764170254253285,0.08518081740491823,Y,0.0012273788452148438
26,0,0,N,0.0008192062377929688
33,0,0,N,0.0008192062377929688
26,0.0,0.2461977891296101,Y,0.0012328624725341797
34,4.764791539279069,0.2461977891296101,Y,0.0012328624725341797
26,0.0,1.1627725293325994,Y,0.0012359619140625
35,4.947894656794563,1.1627725293325994,Y,0.0012359619140625
26,0.0,3.850543747173532,Y,0.0012285709381103516
36,4.983803319370095,3.850543747173532,Y,0.0012285709381103516
26,0.0,0.16298821421084142,Y,0.008198261260986328
37,0.5273683923374632,0.16298821421084142,Y,0.008198261260986328
26,0.0,0.15043183353992617,Y,0.0019941329956054688
38,0.44828046631994134,0.15043183353992617,Y,0.0019941329956054688
26,1.1368683772161603e-13,0.08299982452923871,Y,0.0020759105682373047
39,0.4218781996679172,0.08299982452923871,Y,0.0020759105682373047
26,0.0,0.2264168926478476,Y,0.004628896713256836
40,0.18973280778276957,0.2264168926478476,Y,0.004628896713256836
26,0,0,N,0.0012507438659667969
41,0,0,N,0.0012507438659667969
26,0,0,N,0.0010411739349365234
42,0,0,N,0.0010411739349365234
26,0,0,N,0.0009920597076416016
43,0,0,N,0.0009920597076416016
26,0.0,0.009999999999990905,Y,0.007630348205566406
44,0.11802635416054841,0.009999999999990905,Y,0.007630348205566406
26,0,0,N,0.0010313987731933594
45,0,0,N,0.0010313987731933594
26,0,0,N,0.001262664794921875
46,0,0,N,0.001262664794921875
26,0.0,0.046747186313595535,Y,0.002103090286254883
47,0.06634007475667991,0.046747186313595535,Y,0.002103090286254883
26,0,0,N,0.0010612010955810547
48,0,0,N,0.0010612010955810547
26,0,0,N,0.0012693405151367188
49,0,0,N,0.0012693405151367188
26,0.0,0.09933429101207025,Y,0.0018587112426757812
50,0.025833005821666918,0.09933429101207025,Y,0.0018587112426757812
26,0.0,0.017630658496827323,Y,0.0024704933166503906
51,0.02236692560336597,0.017630658496827323,Y,0.0024704933166503906
26,0.0,1.4785513130415069,Y,0.0018091201782226562
52,4.954930399228381,1.4785513130415069,Y,0.0018091201782226562
26,0,0,N,0.0009951591491699219
53,0,0,N,0.0009951591491699219
26,0,0,N,0.0008323192596435547
54,0,0,N,0.0008323192596435547
26,0,0,N,0.0012965202331542969
55,0,0,N,0.0012965202331542969
26,0.0,0.058190871272103095,Y,0.005108833312988281
56,0.228094169008917,0.058190871272103095,Y,0.005108833312988281
26,0.0,0.08883503351341915,Y,0.004612922668457031
57,0.5271066490838541,0.08883503351341915,Y,0.004612922668457031
26,0,0,N,0.006829023361206055
58,0,0,N,0.006829023361206055
26,0,0,N,0.0013320446014404297
59,0,0,N,0.0013320446014404297
26,0,0,N,0.0009911060333251953
60,0,0,N,0.0009911060333251953
26,0.0,0.10727409320423931,Y,0.006579160690307617
61,0.02907486519977094,0.10727409320423931,Y,0.006579160690307617
26,0,0,N,0.0013437271118164062
62,0,0,N,0.0013437271118164062
26,0.0,0.21204635356080814,Y,0.004951953887939453
63,1.0607331922065193,0.21204635356080814,Y,0.004951953887939453
26,0.0,0.0819841823096823,Y,0.0019769668579101562
64,0.11370792660524032,0.0819841823096823,Y,0.0019769668579101562
26,0,0,N,0.0008382797241210938
65,0,0,N,0.0008382797241210938
26,0.0,0.27750921015145025,Y,0.005010366439819336
66,0.3322946216968008,0.27750921015145025,Y,0.005010366439819336
26,0.0,1.316223891642636,Y,0.0057544708251953125
67,4.896177082881074,1.316223891642636,Y,0.0057544708251953125
26,0,0,N,0.001363992691040039
68,0,0,N,0.001363992691040039
26,0.0,0.010000000000019327,Y,0.004927873611450195
69,0.036527223064916264,0.010000000000019327,Y,0.004927873611450195
26,0,0,N,0.0008730888366699219
70,0,0,N,0.0008730888366699219
26,0.0,0.3030553493116628,Y,0.007422924041748047
71,0.88076669565875,0.3030553493116628,Y,0.007422924041748047
26,0.0,0.6056275892933058,Y,0.007108211517333984
72,0.5516517652252896,0.6056275892933058,Y,0.007108211517333984
26,0.0,0.5157131325480435,Y,0.003755331039428711
73,0.3256475621898877,0.5157131325480435,Y,0.003755331039428711
27,4.8543646560651705,0.40562825538189884,Y,0.0012538433074951172
28,0.0,0.40562825538189884,Y,0.0012538433074951172
27,4.8533669889890225,1.2391904533199778,Y,0.0012392997741699219
29,5.0,1.2391904533199778,Y,0.0012392997741699219
27,5.0,0.7698928185701561,Y,0.0012500286102294922
30,4.832478554782283,0.7698928185701561,Y,0.0012500286102294922
27,4.8543646560651705,0.40562825538189884,Y,0.0013265609741210938
31,0.0,0.40562825538189884,Y,0.0013265609741210938
27,5.0,0.5029365087182498,Y,0.0012545585632324219
32,4.374270467053934,0.5029365087182498,Y,0.0012545585632324219
27,4.937634172721597,0.41258621407699536,Y,0.0012488365173339844
33,0.0,0.41258621407699536,Y,0.0012488365173339844
27,5.0,0.6639534804429417,Y,0.0012440681457519531
34,4.763982954497016,0.6639534804429417,Y,0.0012440681457519531
27,4.852958451446091,1.580528220645931,Y,0.0012440681457519531
35,5.0,1.580528220645931,Y,0.0012440681457519531
27,4.84974153391058,4.2682994384868636,Y,0.0012559890747070312
36,5.0,4.2682994384868636,Y,0.0012559890747070312
27,4.854155065084072,0.5807439055242298,Y,0.006535768508911133
37,0.5688676553469145,0.5807439055242298,Y,0.006535768508911133
27,4.854170093461822,0.5681875248532151,Y,0.0018949508666992188
38,0.4844681564505473,0.5681875248532151,Y,0.0018949508666992188
27,4.854250800930815,0.5007555158426129,Y,0.0017669200897216797
39,0.48356886563633816,0.5007555158426129,Y,0.0017669200897216797
27,4.854079149088106,0.6441725839611792,Y,0.004563570022583008
40,0.21336920767760498,0.6441725839611792,Y,0.004563570022583008
27,4.8543646560654,0.4056282553818278,Y,0.0038299560546875
41,0.0,0.4056282553818278,Y,0.0038299560546875
27,4.854364656065174,0.40562825538189884,Y,0.0014812946319580078
42,0.0,0.40562825538189884,Y,0.0014812946319580078
27,4.8543646560645115,0.4056282553834194,Y,0.0030748844146728516
43,-3.8746783559417963e-13,0.4056282553834194,Y,0.0030748844146728516
27,4.897815142559932,0.4237918447415723,Y,0.008799314498901367
44,0.17152638668951425,0.4237918447415723,Y,0.008799314498901367
27,4.854364656065174,0.4056282553818704,Y,0.002212047576904297
45,0.0,0.4056282553818704,Y,0.002212047576904297
27,4.854364656065175,0.405628255381842,Y,0.002321004867553711
46,0.0,0.405628255381842,Y,0.002321004867553711
27,4.854294190691116,0.46450287762701237,Y,0.005092620849609375
47,0.0835587713997169,0.46450287762701237,Y,0.005092620849609375
27,4.854364656065174,0.40562825538189884,Y,0.0017251968383789062
48,0.0,0.40562825538189884,Y,0.0017251968383789062
27,4.854364656064697,0.4056282553818136,Y,0.002101421356201172
49,0.0,0.4056282553818136,Y,0.002101421356201172
27,4.854231250668964,0.5170899823254302,Y,0.003404855728149414
50,0.02898978167185008,0.5170899823254302,Y,0.003404855728149414
27,4.854329039441144,0.4353863498101589,Y,0.005638837814331055
51,0.03775602883254298,0.4353863498101589,Y,0.005638837814331055
27,4.852580504729482,1.896307004354881,Y,0.0017817020416259766
52,5.0,1.896307004354881,Y,0.0017817020416259766
27,4.854364656056519,0.40562825538452785,Y,0.0030264854431152344
53,-1.7173484856414234e-12,0.40562825538452785,Y,0.0030264854431152344
27,4.854364656065175,0.4056282553818704,Y,0.0012440681457519531
54,0.0,0.4056282553818704,Y,0.0012440681457519531
27,4.8543646560646625,0.4056282553818562,Y,0.004141807556152344
55,0.0,0.4056282553818562,Y,0.004141807556152344
27,4.854280494067211,0.4759465625855057,Y,0.003900289535522461
56,0.27565835632028923,0.4759465625855057,Y,0.003900289535522461
27,4.854243816933931,0.5065907248267933,Y,0.0019464492797851562
57,0.5991252457338281,0.5065907248267933,Y,0.0019464492797851562
27,4.854364656064928,0.40562825538188463,Y,0.006049156188964844
58,0.0,0.40562825538188463,Y,0.006049156188964844
27,4.854364656065532,0.40562825538188463,Y,0.001680135726928711
59,0.0,0.40562825538188463,Y,0.001680135726928711
27,4.854364656065175,0.405628255381842,Y,0.001428365707397461
60,0.0,0.405628255381842,Y,0.001428365707397461
27,4.854221747743168,0.5250297845175567,Y,0.003594636917114258
61,0.03236504223542183,0.5250297845175567,Y,0.003594636917114258
27,4.854364656064171,0.40562825538178515,Y,0.0017063617706298828
62,0.0,0.40562825538178515,Y,0.0017063617706298828
27,5.0,0.6298020448741681,Y,0.0038976669311523438
63,1.0602003395968667,0.6298020448741681,Y,0.0038976669311523438
27,4.854252016524204,0.4997398736230707,Y,0.0018451213836669922
64,0.13054112279812446,0.4997398736230707,Y,0.0018451213836669922
27,4.854364656065175,0.4056282553818704,Y,0.0012409687042236328
65,0.0,0.4056282553818704,Y,0.0012409687042236328
27,4.854017998135551,0.6952649014648529,Y,0.003947019577026367
66,0.35947243957209846,0.6952649014648529,Y,0.003947019577026367
27,4.8527747898407325,1.7339795829559819,Y,0.004427433013916016
67,5.0,1.7339795829559819,Y,0.004427433013916016
27,4.854364656064153,0.40562825538194147,Y,0.005292654037475586
68,-9.619249841108513e-13,0.40562825538194147,Y,0.005292654037475586
27,4.854347236849662,0.42018220777140414,Y,0.005007505416870117
69,0.053166863227328214,0.42018220777140414,Y,0.005007505416870117
27,4.854364656065175,0.40562825538205516,Y,0.0012717247009277344
70,-2.318145675417327e-13,0.40562825538205516,Y,0.0012717247009277344
27,4.879039798398775,0.7208110406250796,Y,0.007068157196044922
71,0.901711287179126,0.7208110406250796,Y,0.007068157196044922
27,4.853625282506119,1.0233832806067085,Y,0.00580286979675293
72,0.5630195166970698,1.0233832806067085,Y,0.00580286979675293
27,4.853732898581395,0.9334688238614035,Y,0.003514528274536133
73,0.335901148403997,0.9334688238614035,Y,0.003514528274536133
28,0.0,0.8214347620066178,Y,0.001249074935913086
29,4.926762637281793,0.8214347620066178,Y,0.001249074935913086
28,0.0,0.35213712725682456,Y,0.0012359619140625
30,4.833051978241257,0.35213712725682456,Y,0.0012359619140625
28,0,0,N,0.0008177757263183594
31,0,0,N,0.0008177757263183594
28,0.0,0.08518081740491823,Y,0.0012247562408447266
32,4.3764170254253285,0.08518081740491823,Y,0.0012247562408447266
28,0,0,N,0.0008172988891601562
33,0,0,N,0.0008172988891601562
28,0.0,0.2461977891296101,Y,0.00122833251953125
34,4.764791539279069,0.2461977891296101,Y,0.00122833251953125
28,0.0,1.1627725293325994,Y,0.0012426376342773438
35,4.947894656794563,1.1627725293325994,Y,0.0012426376342773438
28,0.0,3.850543747173532,Y,0.0012388229370117188
36,4.983803319370095,3.850543747173532,Y,0.0012388229370117188
28,-2.5437429940211587e-12,0.1629882142111967,Y,0.0061244964599609375
37,0.5273683923375778,0.1629882142111967,Y,0.0061244964599609375
28,-2.5437429940211587e-12,0.15043183354019618,Y,0.0042917728424072266
38,0.44828046631990764,0.15043183354019618,Y,0.0042917728424072266
28,-2.5437429940211587e-12,0.08299982452956556,Y,0.0018310546875
39,0.4218781996679893,0.08299982452956556,Y,0.0018310546875
28,-2.5437429940211587e-12,0.22641689264841602,Y,0.003449678421020508
40,0.18973280778304372,0.22641689264841602,Y,0.003449678421020508
28,0,0,N,0.0017802715301513672
41,0,0,N,0.0017802715301513672
28,0,0,N,0.0014781951904296875
42,0,0,N,0.0014781951904296875
28,0,0,N,0.001094818115234375
43,0,0,N,0.001094818115234375
28,-2.5437429940211587e-12,0.009999999999990905,Y,0.0058612823486328125
44,0.11802635415551777,0.009999999999990905,Y,0.0058612823486328125
28,0,0,N,0.0012674331665039062
45,0,0,N,0.0012674331665039062
28,0,0,N,0.0011534690856933594
46,0,0,N,0.0011534690856933594
28,-2.5437429940211587e-12,0.04674718631387975,Y,0.004215717315673828
47,0.0663400747565992,0.04674718631387975,Y,0.004215717315673828
28,0,0,N,0.0010914802551269531
48,0,0,N,0.0010914802551269531
28,0,0,N,0.0012593269348144531
49,0,0,N,0.0012593269348144531
28,-2.5437429940211587e-12,0.09933429101242552,Y,0.0019571781158447266
50,0.025833005821660628,0.09933429101242552,Y,0.0019571781158447266
28,-2.5437429940211587e-12,0.017630658497083118,Y,0.004080057144165039
51,0.022366925603365985,0.017630658497083118,Y,0.004080057144165039
28,-2.5437429940211587e-12,1.4785513130419616,Y,0.0018298625946044922
52,4.95493039922859,1.4785513130419616,Y,0.0018298625946044922
28,0,0,N,0.0010845661163330078
53,0,0,N,0.0010845661163330078
28,0,0,N,0.0008394718170166016
54,0,0,N,0.0008394718170166016
28,0,0,N,0.0013058185577392578
55,0,0,N,0.0013058185577392578
28,-2.5437429940211587e-12,0.05819087127251521,Y,0.004439115524291992
56,0.2280941690088056,0.05819087127251521,Y,0.004439115524291992
28,-2.5437429940211587e-12,0.08883503351390232,Y,0.003110170364379883
57,0.5271066490842309,0.08883503351390232,Y,0.003110170364379883
28,0,0,N,0.0040166378021240234
58,0,0,N,0.0040166378021240234
28,0,0,N,0.0018243789672851562
59,0,0,N,0.0018243789672851562
28,0,0,N,0.0015020370483398438
60,0,0,N,0.0015020370483398438
28,-2.5437429940211587e-12,0.10727409320452352,Y,0.0026280879974365234
61,0.029074865199738134,0.10727409320452352,Y,0.0026280879974365234
28,0,0,N,0.0015153884887695312
62,0,0,N,0.0015153884887695312
28,-2.5437429940211587e-12,0.21204635356117763,Y,0.005275726318359375
63,1.060733192206157,0.21204635356117763,Y,0.005275726318359375
28,-2.5437429940211587e-12,0.08198418231005178,Y,0.005598545074462891
64,0.11370792660528661,0.08198418231005178,Y,0.005598545074462891
28,0,0,N,0.0017209053039550781
65,0,0,N,0.0017209053039550781
28,-2.5437429940211587e-12,0.2775092101517913,Y,0.006790876388549805
66,0.3322946216968246,0.2775092101517913,Y,0.006790876388549805
28,-2.5437429940211587e-12,1.3162238916428919,Y,0.005436420440673828
67,4.896177082880673,1.3162238916428919,Y,0.005436420440673828
28,0,0,N,0.005382537841796875
68,0,0,N,0.005382537841796875
28,-2.5437429940211587e-12,0.009999999999990905,Y,0.0022881031036376953
69,0.036527223063419156,0.009999999999990905,Y,0.0022881031036376953
28,0,0,N,0.0009706020355224609
70,0,0,N,0.0009706020355224609
28,-2.5437429940211587e-12,0.30305534931200384,Y,0.006752729415893555
71,0.8807666956586908,0.30305534931200384,Y,0.006752729415893555
28,-2.5437429940211587e-12,0.6056275892936611,Y,0.006433248519897461
72,0.5516517652253422,0.6056275892936611,Y,0.006433248519897461
28,-2.5437429940211587e-12,0.515713132548413,Y,0.003599405288696289
73,0.3256475621898847,0.515713132548413,Y,0.003599405288696289
29,5.0,1.1856993251949035,Y,0.0012943744659423828
30,4.831907806830651,1.1856993251949035,Y,0.0012943744659423828
29,4.926762637281793,0.8214347620066178,Y,0.0012547969818115234
31,0.0,0.8214347620066178,Y,0.0012547969818115234
29,5.0,0.9187430153429972,Y,0.001257181167602539
32,4.372133924200028,0.9187430153429972,Y,0.001257181167602539
29,4.968494753472107,0.8283927207017285,Y,0.0012753009796142578
33,0.0,0.8283927207017285,Y,0.0012753009796142578
29,5.0,1.079759987067689,Y,0.0012438297271728516
34,4.763178142449556,1.079759987067689,Y,0.0012438297271728516
29,4.926057890852453,1.9963347272706784,Y,0.0012426376342773438
35,5.0,1.9963347272706784,Y,0.0012426376342773438
29,4.924445670897817,4.684105945111611,Y,0.0012423992156982422
36,5.0,4.684105945111611,Y,0.0012423992156982422
29,4.926657596739774,0.996550412148963,Y,0.005713939666748047
37,0.5688676553469145,0.996550412148963,Y,0.005713939666748047
29,4.92666512849987,0.9839940314779909,Y,0.0030584335327148438
38,0.4844681564505473,0.9839940314779909,Y,0.0030584335327148438
29,4.926705576596534,0.9165620224673603,Y,0.0017974376678466797
39,0.48356886563633816,0.9165620224673603,Y,0.0017974376678466797
29,4.92661954998187,1.0599790905859834,Y,0.00394439697265625
40,0.21336920767760498,1.0599790905859834,Y,0.00394439697265625
29,4.926762637281305,0.8214347620064615,Y,0.0031757354736328125
41,0.0,0.8214347620064615,Y,0.0031757354736328125
29,4.926762637281799,0.8214347620066178,Y,0.0016727447509765625
42,0.0,0.8214347620066178,Y,0.0016727447509765625
29,4.926762637281622,0.8214347620081668,Y,0.0017576217651367188
43,-3.8746783559417963e-13,0.8214347620081668,Y,0.0017576217651367188
29,5.0,0.8395983513663055,Y,0.00682520866394043
44,0.07025859676399548,0.8395983513663055,Y,0.00682520866394043
29,4.926762637282221,0.8214347620067031,Y,0.0017347335815429688
45,0.0,0.8214347620067031,Y,0.0017347335815429688
29,4.926762637281452,0.8214347620065041,Y,0.001726388931274414
46,0.0,0.8214347620065041,Y,0.001726388931274414
29,4.926727322207462,0.880309384251774,Y,0.004045724868774414
47,0.0835587713997169,0.880309384251774,Y,0.004045724868774414
29,4.926762637281968,0.8214347620066462,Y,0.0014507770538330078
48,0.0,0.8214347620066462,Y,0.0014507770538330078
29,4.926762637281509,0.8214347620065467,Y,0.001988649368286133
49,0.0,0.8214347620065467,Y,0.001988649368286133
29,4.926695778607562,0.932896488950206,Y,0.003720998764038086
50,0.02898978167185008,0.932896488950206,Y,0.003720998764038086
29,4.9267447873273795,0.8511928564348636,Y,0.00470423698425293
51,0.03775602883254298,0.8511928564348636,Y,0.00470423698425293
29,4.925868475602822,2.3121135109796427,Y,0.001827239990234375
52,5.0,2.3121135109796427,Y,0.001827239990234375
29,4.926762637281622,0.8214347620099431,Y,0.0017535686492919922
53,-1.7173484856414234e-12,0.8214347620099431,Y,0.0017535686492919922
29,4.926762637281969,0.8214347620066178,Y,0.0012714862823486328
54,0.0,0.8214347620066178,Y,0.0012714862823486328
29,4.926762637281966,0.821434762006632,Y,0.003917217254638672
55,0.0,0.821434762006632,Y,0.003917217254638672
29,4.9267204578811175,0.8917530692101252,Y,0.004559755325317383
56,0.27565835632028923,0.8917530692101252,Y,0.004559755325317383
29,4.926702076432492,0.9223972314515123,Y,0.001970052719116211
57,0.5991252457338281,0.9223972314515123,Y,0.001970052719116211
29,4.926762637281777,0.8214347620066178,Y,0.006158590316772461
58,0.0,0.8214347620066178,Y,0.006158590316772461
29,4.926762637281351,0.8214347620065041,Y,0.002981424331665039
59,0.0,0.8214347620065041,Y,0.002981424331665039
29,4.926762637281969,0.8214347620065894,Y,0.001462697982788086
60,0.0,0.8214347620065894,Y,0.001462697982788086
29,4.926691016034174,0.940836291142304,Y,0.003688812255859375
61,0.03236504223542183,0.940836291142304,Y,0.003688812255859375
29,4.926762637281793,0.8214347620066178,Y,0.0034990310668945312
62,0.0,0.8214347620066178,Y,0.0034990310668945312
29,5.0,1.0456085514989297,Y,0.0036513805389404297
63,1.0596699731966792,1.0456085514989297,Y,0.0036513805389404297
29,4.926706185814489,0.9155463802478181,Y,0.0018720626831054688
64,0.13054112279812446,0.9155463802478181,Y,0.0018720626831054688
29,4.926762637281969,0.8214347620066178,Y,0.0012595653533935547
65,0.0,0.8214347620066178,Y,0.0012595653533935547
29,4.926588903007861,1.1110714080895576,Y,0.004755973815917969
66,0.35947243957209846,1.1110714080895576,Y,0.004755973815917969
29,5.0,2.1497860895806298,Y,0.004415988922119141
67,4.89547113258088,2.1497860895806298,Y,0.004415988922119141
29,4.926762637281712,0.8214347620067031,Y,0.005235195159912109
68,-9.619249841108513e-13,0.8214347620067031,Y,0.005235195159912109
29,4.926753907308101,0.8359887143961799,Y,0.006531715393066406
69,0.053166863227328214,0.8359887143961799,Y,0.006531715393066406
29,4.926762637281883,0.8214347620067883,Y,0.0012826919555664062
70,-2.318145675417327e-13,0.8214347620067883,Y,0.0012826919555664062
29,4.939129058370838,1.1366175472497417,Y,0.0060307979583740234
71,0.901711287179126,1.1366175472497417,Y,0.0060307979583740234
29,4.92639208603381,1.439189787231328,Y,0.0065877437591552734
72,0.5630195166970698,1.439189787231328,Y,0.0065877437591552734
29,4.926446019895728,1.349275330486151,Y,0.003641843795776367
73,0.335901148403997,1.349275330486151,Y,0.003641843795776367
30,4.833051978241257,0.35213712725682456,Y,0.0012655258178710938
31,0.0,0.35213712725682456,Y,0.0012655258178710938
30,5.0,0.4494453805931755,Y,0.00135040283203125
32,4.3745453210684095,0.4494453805931755,Y,0.00135040283203125
30,4.928549366709852,0.3590950859519211,Y,0.00125885009765625
33,0.0,0.3590950859519211,Y,0.00125885009765625
30,5.0,0.6104623523178674,Y,0.0012543201446533203
34,4.764086488962397,0.6104623523178674,Y,0.0012543201446533203
30,4.831439276809007,1.5270370925208567,Y,0.0012545585632324219
35,5.0,1.5270370925208567,Y,0.0012545585632324219
30,4.827749964850733,4.214808310361789,Y,0.0012478828430175781
36,5.0,4.214808310361789,Y,0.0012478828430175781
30,4.832811609471033,0.5272527773991555,Y,0.006415605545043945
37,0.5688676553469145,0.5272527773991555,Y,0.006415605545043945
30,4.832828844719414,0.5146963967281266,Y,0.0019195079803466797
38,0.4844681564505473,0.5146963967281266,Y,0.0019195079803466797
30,4.832921403831506,0.4472643877175386,Y,0.0017707347869873047
39,0.48356886563633816,0.4472643877175386,Y,0.0017707347869873047
30,4.832724545445187,0.5906814558361617,Y,0.005425214767456055
40,0.21336920767760498,0.5906814558361617,Y,0.005425214767456055
30,4.833051978239368,0.3521371272566114,Y,0.003270387649536133
41,0.0,0.3521371272566114,Y,0.003270387649536133
30,4.833051978241261,0.35213712725682456,Y,0.0015065670013427734
42,0.0,0.35213712725682456,Y,0.0015065670013427734
30,4.833051978240347,0.3521371272583309,Y,0.0029845237731933594
43,-3.8746783559417963e-13,0.3521371272583309,Y,0.0029845237731933594
30,4.882883034724464,0.3703007166163843,Y,0.008242607116699219
44,0.17152638668951425,0.3703007166163843,Y,0.008242607116699219
30,4.833051978241261,0.35213712725679613,Y,0.0020322799682617188
45,0.0,0.35213712725679613,Y,0.0020322799682617188
30,4.833051978240871,0.3521371272567677,Y,0.0024366378784179688
46,0.0,0.3521371272567677,Y,0.0024366378784179688
30,4.832971165244186,0.4110117495019239,Y,0.006010293960571289
47,0.0835587713997169,0.4110117495019239,Y,0.006010293960571289
30,4.833051978241261,0.35213712725682456,Y,0.0017652511596679688
48,0.0,0.35213712725682456,Y,0.0017652511596679688
30,4.83305197824087,0.3521371272567677,Y,0.0019922256469726562
49,0.0,0.3521371272567677,Y,0.0019922256469726562
30,4.8328989826737825,0.46359885420035596,Y,0.004515409469604492
50,0.02898978167185008,0.46359885420035596,Y,0.004515409469604492
30,4.833011131425952,0.3818952216850562,Y,0.006012439727783203
51,0.03775602883254298,0.3818952216850562,Y,0.006012439727783203
30,4.831005829782415,1.8428158762298352,Y,0.0019109249114990234
52,5.0,1.8428158762298352,Y,0.0019109249114990234
30,4.833051978240542,0.3521371272601357,Y,0.0017497539520263672
53,-1.7173484856414234e-12,0.3521371272601357,Y,0.0017497539520263672
30,4.833051978241261,0.35213712725679613,Y,0.0012464523315429688
54,0.0,0.35213712725679613,Y,0.0012464523315429688
30,4.833051978240674,0.3521371272567677,Y,0.004985332489013672
55,0.0,0.3521371272567677,Y,0.004985332489013672
30,4.832955457313346,0.422455434460403,Y,0.00415349006652832
56,0.27565835632028923,0.422455434460403,Y,0.00415349006652832
30,4.832913394255863,0.45309959670170485,Y,0.0018131732940673828
57,0.5991252457338281,0.45309959670170485,Y,0.0018131732940673828
30,4.833051978241087,0.35213712725681034,Y,0.006209135055541992
58,0.0,0.35213712725681034,Y,0.006209135055541992
30,4.833051978241116,0.3521371272567535,Y,0.001653909683227539
59,0.0,0.3521371272567535,Y,0.001653909683227539
30,4.83305197824126,0.3521371272567819,Y,0.0014357566833496094
60,0.0,0.3521371272567819,Y,0.0014357566833496094
30,4.832888084272463,0.47153865639243975,Y,0.003739595413208008
61,0.03236504223542183,0.47153865639243975,Y,0.003739595413208008
30,4.833051978240151,0.35213712725671087,Y,0.0017173290252685547
62,0.0,0.35213712725671087,Y,0.0017173290252685547
30,4.83274427086053,0.5763109167491223,Y,0.0038945674896240234
63,1.2156906222125914,0.5763109167491223,Y,0.0038945674896240234
30,4.832922797931582,0.44624874549803906,Y,0.001608133316040039
64,0.13054112279812446,0.44624874549803906,Y,0.001608133316040039
30,4.833051978241261,0.35213712725679613,Y,0.0012576580047607422
65,0.0,0.35213712725679613,Y,0.0012576580047607422
30,4.832654414663466,0.6417737733397644,Y,0.0036535263061523438
66,0.35947243957209846,0.6417737733397644,Y,0.0036535263061523438
30,4.83122864506262,1.6804884548309076,Y,0.004414558410644531
67,5.0,1.6804884548309076,Y,0.004414558410644531
30,4.833051978240512,0.3521371272568672,Y,0.005296468734741211
68,-9.619249841108513e-13,0.3521371272568672,Y,0.005296468734741211
30,4.83303200106756,0.36669107964632985,Y,0.005064964294433594
69,0.053166863227328214,0.36669107964632985,Y,0.005064964294433594
30,4.833051978241261,0.3521371272569809,Y,0.0012829303741455078
70,-2.318145675417327e-13,0.3521371272569809,Y,0.0012829303741455078
30,4.948877070075414,0.6736971092876161,Y,0.005313396453857422
71,0.901711287179126,0.6736971092876161,Y,0.005313396453857422
30,4.832204029954839,0.969892152481691,Y,0.005730867385864258
72,0.5630195166970698,0.969892152481691,Y,0.005730867385864258
30,4.832327449118566,0.8799776957363292,Y,0.003590822219848633
73,0.335901148403997,0.8799776957363292,Y,0.003590822219848633
31,0.0,0.08518081740491823,Y,0.0012760162353515625
32,4.3764170254253285,0.08518081740491823,Y,0.0012760162353515625
31,0,0,N,0.0008318424224853516
33,0,0,N,0.0008318424224853516
31,0.0,0.2461977891296101,Y,0.001247406005859375
34,4.764791539279069,0.2461977891296101,Y,0.001247406005859375
31,0.0,1.1627725293325994,Y,0.001241922378540039
35,4.947894656794563,1.1627725293325994,Y,0.001241922378540039
31,0.0,3.850543747173532,Y,0.001247406005859375
36,4.983803319370095,3.850543747173532,Y,0.001247406005859375
31,0.0,0.16298821421084142,Y,0.007954835891723633
37,0.5273683923374632,0.16298821421084142,Y,0.007954835891723633
31,0.0,0.15043183353998302,Y,0.002035856246948242
38,0.44828046632011076,0.15043183353998302,Y,0.002035856246948242
31,0.0,0.0829998245292245,Y,0.0019621849060058594
39,0.4218781996678449,0.0829998245292245,Y,0.0019621849060058594
31,4.1147640850169864e-14,0.22641689264783338,Y,0.004056692123413086
40,0.18973280778273965,0.22641689264783338,Y,0.004056692123413086
31,0,0,N,0.0012943744659423828
41,0,0,N,0.0012943744659423828
31,0,0,N,0.0010380744934082031
42,0,0,N,0.0010380744934082031
31,0,0,N,0.0009815692901611328
43,0,0,N,0.0009815692901611328
31,0.0,0.009999999999990905,Y,0.006798267364501953
44,0.11802635416054841,0.009999999999990905,Y,0.006798267364501953
31,0,0,N,0.0010411739349365234
45,0,0,N,0.0010411739349365234
31,0,0,N,0.0012769699096679688
46,0,0,N,0.0012769699096679688
31,0.0,0.046747186313595535,Y,0.0020961761474609375
47,0.06634007475667991,0.046747186313595535,Y,0.0020961761474609375
31,0,0,N,0.0011451244354248047
48,0,0,N,0.0011451244354248047
31,0,0,N,0.00127410888671875
49,0,0,N,0.00127410888671875
31,0.0,0.09933429101207025,Y,0.001865386962890625
50,0.025833005821666918,0.09933429101207025,Y,0.001865386962890625
31,0.0,0.017630658496827323,Y,0.002410411834716797
51,0.02236692560336597,0.017630658496827323,Y,0.002410411834716797
31,0.0,1.4785513130415353,Y,0.0018110275268554688
52,4.954930399228485,1.4785513130415353,Y,0.0018110275268554688
31,0,0,N,0.0010194778442382812
53,0,0,N,0.0010194778442382812
31,0,0,N,0.0008399486541748047
54,0,0,N,0.0008399486541748047
31,0,0,N,0.0013306140899658203
55,0,0,N,0.0013306140899658203
31,0.0,0.058190871272103095,Y,0.005277156829833984
56,0.22809416900886817,0.058190871272103095,Y,0.005277156829833984
31,0.0,0.08883503351341915,Y,0.004029512405395508
57,0.5271066490838541,0.08883503351341915,Y,0.004029512405395508
31,0,0,N,0.0046045780181884766
58,0,0,N,0.0046045780181884766
31,0,0,N,0.0013582706451416016
59,0,0,N,0.0013582706451416016
31,0,0,N,0.0009760856628417969
60,0,0,N,0.0009760856628417969
31,0.0,0.10727409320426773,Y,0.006322383880615234
61,0.02907486519976509,0.10727409320426773,Y,0.006322383880615234
31,0,0,N,0.001566171646118164
62,0,0,N,0.001566171646118164
31,0.0,0.21204635356077972,Y,0.004877567291259766
63,1.0607331922065193,0.21204635356077972,Y,0.004877567291259766
31,0.0,0.08198418230969651,Y,0.003515958786010742
64,0.11370792660526008,0.08198418230969651,Y,0.003515958786010742
31,0,0,N,0.0012521743774414062
65,0,0,N,0.0012521743774414062
31,0.0,0.2775092101514218,Y,0.006613731384277344
66,0.3322946216968008,0.2775092101514218,Y,0.006613731384277344
31,0.0,1.316223891642636,Y,0.006926298141479492
67,4.896177082881075,1.316223891642636,Y,0.006926298141479492
31,0,0,N,0.0015382766723632812
68,0,0,N,0.0015382766723632812
31,0.0,0.009999999999990905,Y,0.006110668182373047
69,0.036527223065029334,0.009999999999990905,Y,0.006110668182373047
31,0,0,N,0.0009024143218994141
70,0,0,N,0.0009024143218994141
31,0.0,0.3030553493116628,Y,0.006247758865356445
71,0.88076669565875,0.3030553493116628,Y,0.006247758865356445
31,0.0,0.6056275892933343,Y,0.0070955753326416016
72,0.5516517652253422,0.6056275892933343,Y,0.0070955753326416016
31,0.0,0.5157131325480435,Y,0.0037834644317626953
73,0.3256475621898877,0.5157131325480435,Y,0.0037834644317626953
32,4.733902781293159,0.09213877610001475,Y,0.0012764930725097656
33,0.0,0.09213877610001475,Y,0.0012764930725097656
32,4.375089670260299,0.34350604246596106,Y,0.0012531280517578125
34,5.0,0.34350604246596106,Y,0.0012531280517578125
32,4.370380024835659,1.2600807826689504,Y,0.0012543201446533203
35,5.0,1.2600807826689504,Y,0.0012543201446533203
32,4.3565694223135845,3.947852000509883,Y,0.001241445541381836
36,5.0,3.947852000509883,Y,0.001241445541381836
32,4.37551722688363,0.2602964675473203,Y,0.0075626373291015625
37,0.5688676553469145,0.2602964675473203,Y,0.0075626373291015625
32,4.375581745458248,0.24774008687616345,Y,0.0018916130065917969
38,0.4844681564505473,0.24774008687616345,Y,0.0018916130065917969
32,4.375928232044203,0.1803080778657744,Y,0.0018017292022705078
39,0.48356886563633816,0.1803080778657744,Y,0.0018017292022705078
32,4.3751913106543725,0.32372514598434066,Y,0.0053653717041015625
40,0.21336920767760498,0.32372514598434066,Y,0.0053653717041015625
32,4.376417025994897,0.08518081741591743,Y,0.0021185874938964844
41,0.0,0.08518081741591743,Y,0.0021185874938964844
32,4.376417025426235,0.08518081740481875,Y,0.001678466796875
42,0.0,0.08518081740481875,Y,0.001678466796875
32,4.376417025424189,0.08518081740650985,Y,0.0015454292297363281
43,-8.051337374581635e-13,0.08518081740650985,Y,0.0015454292297363281
32,4.562955036338394,0.10334440676456325,Y,0.006747245788574219
44,0.17152638668951425,0.10334440676456325,Y,0.006747245788574219
32,4.376417025425667,0.08518081740504613,Y,0.001806497573852539
45,0.0,0.08518081740504613,Y,0.001806497573852539
32,4.376417025427031,0.08518081740506034,Y,0.001626729965209961
46,0.0,0.08518081740506034,Y,0.001626729965209961
32,4.3761145093450295,0.14405543965003176,Y,0.004955291748046875
47,0.0835587713997169,0.14405543965003176,Y,0.004955291748046875
32,4.376417025425894,0.08518081740476191,Y,0.0014705657958984375
48,0.0,0.08518081740476191,Y,0.0014705657958984375
32,4.376417025443857,0.08518081740515981,Y,0.002039670944213867
49,0.0,0.08518081740515981,Y,0.002039670944213867
32,4.375844300489007,0.19664254434862016,Y,0.0050275325775146484
50,0.02898978167185008,0.19664254434862016,Y,0.0050275325775146484
32,4.3762641191003695,0.1149389118332067,Y,0.005820751190185547
51,0.03775602883254298,0.1149389118332067,Y,0.005820751190185547
32,4.368757455471723,1.5758595663781847,Y,0.0019457340240478516
52,5.0,1.5758595663781847,Y,0.0019457340240478516
32,4.376417025450451,0.08518081740692196,Y,0.001560211181640625
53,-1.7173484856414234e-12,0.08518081740692196,Y,0.001560211181640625
32,4.376417025427031,0.08518081740484718,Y,0.001256704330444336
54,0.0,0.08518081740484718,Y,0.001256704330444336
32,4.376417025427372,0.0851808174048756,Y,0.002119302749633789
55,-8.604228440844963e-16,0.0851808174048756,Y,0.002119302749633789
32,4.376055708144008,0.15549912460849669,Y,0.0038390159606933594
56,0.27565835632028923,0.15549912460849669,Y,0.0038390159606933594
32,4.37589824892882,0.18614328684978432,Y,0.001851797103881836
57,0.5991252457338281,0.18614328684978432,Y,0.001851797103881836
32,4.376417025422825,0.08518081740491823,Y,0.007544517517089844
58,0.0,0.08518081740491823,Y,0.007544517517089844
32,4.37641702544181,0.08518081740521666,Y,0.0017933845520019531
59,0.0,0.08518081740521666,Y,0.0017933845520019531
32,4.376417025427145,0.08518081740494665,Y,0.0014388561248779297
60,0.0,0.08518081740494665,Y,0.0014388561248779297
32,4.375803503318593,0.20458234654054763,Y,0.0021004676818847656
61,0.032365042235421804,0.20458234654054763,Y,0.0021004676818847656
32,4.376417025423734,0.08518081740503192,Y,0.0017888545989990234
62,0.0,0.08518081740503192,Y,0.0017888545989990234
32,4.375265150933501,0.30935460689723016,Y,0.0051724910736083984
63,1.2156906222125914,0.30935460689723016,Y,0.0051724910736083984
32,4.37593345072878,0.17929243564617536,Y,0.0018649101257324219
64,0.13054112279812446,0.17929243564617536,Y,0.0018649101257324219
32,4.376417025427031,0.08518081740484718,Y,0.0012655258178710938
65,0.0,0.08518081740484718,Y,0.0012655258178710938
32,4.374928782467691,0.374817463487787,Y,0.005472421646118164
66,0.35947243957209846,0.374817463487787,Y,0.005472421646118164
32,4.3695915441211355,1.4135321449789444,Y,0.005018472671508789
67,5.0,1.4135321449789444,Y,0.005018472671508789
32,4.376417025423848,0.08518081740498928,Y,0.007368326187133789
68,-9.619249841108513e-13,0.08518081740498928,Y,0.007368326187133789
32,4.376342242698911,0.0997347697943951,Y,0.005717039108276367
69,0.053166863227328214,0.0997347697943951,Y,0.005717039108276367
32,4.376417025427031,0.0851808174051456,Y,0.0012929439544677734
70,-2.318145675417327e-13,0.0851808174051456,Y,0.0012929439544677734
32,4.482350292038404,0.40036360264814164,Y,0.007288455963134766
71,0.901711287179126,0.40036360264814164,Y,0.007288455963134766
32,4.373242808415284,0.7029358426295857,Y,0.0060482025146484375
72,0.5630195166970698,0.7029358426295857,Y,0.0060482025146484375
32,4.373704816798636,0.6130213858845366,Y,0.0037887096405029297
73,0.335901148403997,0.6130213858845366,Y,0.0037887096405029297
33,0.0,0.2531557478246924,Y,0.0012652873992919922
34,4.899452467137897,0.2531557478246924,Y,0.0012652873992919922
33,0.0,1.169730488027696,Y,0.0012569427490234375
35,4.977502551529939,1.169730488027696,Y,0.0012569427490234375
33,0.0,3.8575017058686285,Y,0.0012462139129638672
36,4.992809085806618,3.8575017058686285,Y,0.0012462139129638672
33,-1.0231815394945443e-12,0.16994617290595215,Y,0.008295774459838867
37,0.5511437208303334,0.16994617290595215,Y,0.008295774459838867
33,-1.0231815394945443e-12,0.15738979223466742,Y,0.002983570098876953
38,0.4690148873201638,0.15738979223466742,Y,0.002983570098876953
33,-1.0231815394945443e-12,0.0899577832238947,Y,0.0018091201782226562
39,0.4572446730826654,0.0899577832238947,Y,0.0018091201782226562
33,-1.0231815394945443e-12,0.2333748513426741,Y,0.0045621395111083984
40,0.20326726025258013,0.2333748513426741,Y,0.0045621395111083984
33,0,0,N,0.0018498897552490234
41,0,0,N,0.0018498897552490234
33,0,0,N,0.0011246204376220703
42,0,0,N,0.0011246204376220703
33,0,0,N,0.0010418891906738281
43,0,0,N,0.0010418891906738281
33,-1.0231815394945443e-12,0.012994112123067225,Y,0.006303310394287109
44,0.1533647679455683,0.012994112123067225,Y,0.006303310394287109
33,0,0,N,0.001302957534790039
45,0,0,N,0.001302957534790039
33,0,0,N,0.0011610984802246094
46,0,0,N,0.0011610984802246094
33,-1.0231815394945443e-12,0.05370514500857837,Y,0.00602412223815918
47,0.07621428401695751,0.05370514500857837,Y,0.00602412223815918
33,0,0,N,0.0010619163513183594
48,0,0,N,0.0010619163513183594
33,0,0,N,0.0012402534484863281
49,0,0,N,0.0012402534484863281
33,-1.0231815394945443e-12,0.10629224970683993,Y,0.004586935043334961
50,0.02764250167299115,0.10629224970683993,Y,0.004586935043334961
33,-1.0231815394945443e-12,0.024588617191454887,Y,0.010209083557128906
51,0.031194057302040064,0.024588617191454887,Y,0.010209083557128906
33,-1.0231815394945443e-12,1.4855092717365324,Y,0.0035750865936279297
52,4.980474482846202,1.4855092717365324,Y,0.0035750865936279297
33,0,0,N,0.001558065414428711
53,0,0,N,0.001558065414428711
33,0,0,N,0.0010685920715332031
54,0,0,N,0.0010685920715332031
33,0,0,N,0.002074718475341797
55,0,0,N,0.002074718475341797
33,-1.0231815394945443e-12,0.06514882996702909,Y,0.004724979400634766
56,0.25536768755001366,0.06514882996702909,Y,0.004724979400634766
33,-1.0231815394945443e-12,0.09579299220834514,Y,0.004705667495727539
57,0.5683920085553587,0.09579299220834514,Y,0.004705667495727539
33,0,0,N,0.00842905044555664
58,0,0,N,0.00842905044555664
33,0,0,N,0.001749277114868164
59,0,0,N,0.001749277114868164
33,0,0,N,0.0014538764953613281
60,0,0,N,0.0014538764953613281
33,-1.0231815394945443e-12,0.11423205189919372,Y,0.0026891231536865234
61,0.03096070459565936,0.11423205189919372,Y,0.0026891231536865234
33,0,0,N,0.0014998912811279297
62,0,0,N,0.0014998912811279297
33,-1.0231815394945443e-12,0.21900431225562045,Y,0.004517555236816406
63,1.1494739507160474,0.21900431225562045,Y,0.004517555236816406
33,-1.0231815394945443e-12,0.08894214100466513,Y,0.002955913543701172
64,0.12335826444282927,0.08894214100466513,Y,0.002955913543701172
33,0,0,N,0.0008542537689208984
65,0,0,N,0.0008542537689208984
33,-1.0231815394945443e-12,0.28446716884650414,Y,0.0046024322509765625
66,0.34785038618497327,0.28446716884650414,Y,0.0046024322509765625
33,-1.0231815394945443e-12,1.3231818503375052,Y,0.004130363464355469
67,4.955098682767208,1.3231818503375052,Y,0.004130363464355469
33,0,0,N,0.003947734832763672
68,0,0,N,0.003947734832763672
33,-1.0231815394945443e-12,0.009999999999990905,Y,0.005327939987182617
69,0.03652722306477347,0.009999999999990905,Y,0.005327939987182617
33,0,0,N,0.0008714199066162109
70,0,0,N,0.0008714199066162109
33,-1.0231815394945443e-12,0.31001330800656035,Y,0.006421327590942383
71,0.8952448883671366,0.31001330800656035,Y,0.006421327590942383
33,-1.0231815394945443e-12,0.6125855479882603,Y,0.005527019500732422
72,0.5580814529189141,0.6125855479882603,Y,0.005527019500732422
33,-1.0231815394945443e-12,0.5226710912430264,Y,0.003481149673461914
73,0.3315049275332066,0.5226710912430264,Y,0.003481149673461914
34,4.7625174679698015,1.4210977543936423,Y,0.0012652873992919922
35,5.0,1.4210977543936423,Y,0.0012652873992919922
34,4.757315166844822,4.108868972234575,Y,0.001239776611328125
36,5.0,4.108868972234575,Y,0.001239776611328125
34,4.7644525951264995,0.42131343927199794,Y,0.005624055862426758
37,0.5688676553469145,0.42131343927199794,Y,0.005624055862426758
34,4.7644768985625205,0.40875705860102585,Y,0.003095388412475586
38,0.4844681564505473,0.40875705860102585,Y,0.003095388412475586
34,4.7646074162248055,0.3413250495903952,Y,0.0017802715301513672
39,0.48356886563633816,0.3413250495903952,Y,0.0017802715301513672
34,4.764329826090318,0.4847421177091036,Y,0.005420684814453125
40,0.21336920767760498,0.4847421177091036,Y,0.005420684814453125
34,4.764791539280424,0.24619778912958168,Y,0.00542140007019043
41,0.0,0.24619778912958168,Y,0.00542140007019043
34,4.764791539281617,0.24619778912965273,Y,0.0029959678649902344
42,0.0,0.24619778912965273,Y,0.0029959678649902344
34,4.764791539280594,0.2461977891311875,Y,0.00423884391784668
43,-3.8746783559417963e-13,0.2461977891311875,Y,0.00423884391784668
34,4.835058343535252,0.2643613784892551,Y,0.007370948791503906
44,0.17152638668951425,0.2643613784892551,Y,0.007370948791503906
34,4.764791539282328,0.24619778912970958,Y,0.0022666454315185547
45,0.0,0.24619778912970958,Y,0.0022666454315185547
34,4.764791539282157,0.24619778912970958,Y,0.0019397735595703125
46,0.0,0.24619778912970958,Y,0.0019397735595703125
34,4.76467758482346,0.30507241137478047,Y,0.005271196365356445
47,0.0835587713997169,0.30507241137478047,Y,0.005271196365356445
34,4.764791539282157,0.24619778912970958,Y,0.0015263557434082031
48,0.0,0.24619778912970958,Y,0.0015263557434082031
34,4.7647915392817595,0.24619778912968115,Y,0.0018305778503417969
49,0.0,0.24619778912968115,Y,0.0018305778503417969
34,4.764575800134992,0.35765951607331203,Y,0.003550291061401367
50,0.02898978167185008,0.35765951607331203,Y,0.003550291061401367
34,4.764733941162433,0.27595588355785594,Y,0.0055828094482421875
51,0.03775602883254298,0.27595588355785594,Y,0.0055828094482421875
34,4.761906264048633,1.7368765381029192,Y,0.0018074512481689453
52,5.0,1.7368765381029192,Y,0.0018074512481689453
34,4.764791539272693,0.24619778913253754,Y,0.0037980079650878906
53,-1.7173484856414234e-12,0.24619778913253754,Y,0.0037980079650878906
34,4.764791539282157,0.24619778912965273,Y,0.0012667179107666016
54,0.0,0.24619778912965273,Y,0.0012667179107666016
34,4.764791539281958,0.2461977891297238,Y,0.003576040267944336
55,0.0,0.2461977891297238,Y,0.003576040267944336
34,4.764655435059723,0.3165160963333449,Y,0.0039365291595458984
56,0.27565835632028923,0.3165160963333449,Y,0.0039365291595458984
34,4.764596121916895,0.34716025857467514,Y,0.0018992424011230469
57,0.5991252457338281,0.34716025857467514,Y,0.0018992424011230469
34,4.764791539281816,0.24619778912965273,Y,0.005689859390258789
58,0.0,0.24619778912965273,Y,0.005689859390258789
34,4.764791539283522,0.2461977891297522,Y,0.0016505718231201172
59,0.0,0.2461977891297522,Y,0.0016505718231201172
34,4.764791539282157,0.24619778912970958,Y,0.0014355182647705078
60,0.0,0.24619778912970958,Y,0.0014355182647705078
34,4.764560432294559,0.36559931826542424,Y,0.004457235336303711
61,0.03236504223542183,0.36559931826542424,Y,0.004457235336303711
34,4.764791539281276,0.24619778912966694,Y,0.003934144973754883
62,0.0,0.24619778912966694,Y,0.003934144973754883
34,4.764357640910134,0.4703715786220499,Y,0.004232883453369141
63,1.2156906222125914,0.4703715786220499,Y,0.004232883453369141
34,4.764609382045194,0.34030940737086723,Y,0.0019087791442871094
64,0.13054112279812446,0.34030940737086723,Y,0.0019087791442871094
34,4.764791539282157,0.24619778912965273,Y,0.0012621879577636719
65,0.0,0.24619778912965273,Y,0.0012621879577636719
34,4.764230934629381,0.535834435212692,Y,0.00447392463684082
66,0.35947243957209846,0.535834435212692,Y,0.00447392463684082
34,4.762220456013182,1.5745491167037358,Y,0.004742860794067383
67,5.0,1.5745491167037358,Y,0.004742860794067383
34,4.7647915392797415,0.246197789129738,Y,0.006630659103393555
68,-9.619249841108513e-13,0.246197789129738,Y,0.006630659103393555
34,4.7647633694573415,0.2607517415192291,Y,0.004788637161254883
69,0.053166863227328214,0.2607517415192291,Y,0.004788637161254883
34,4.764791539281617,0.2461977891298801,Y,0.001306772232055664
70,-2.318145675417327e-13,0.2461977891298801,Y,0.001306772232055664
34,4.804695428425447,0.5613805743728193,Y,0.006153106689453125
71,0.901711287179126,0.5613805743728193,Y,0.006153106689453125
34,4.763595846865087,0.8639528143544482,Y,0.004942893981933594
72,0.5630195166970698,0.8639528143544482,Y,0.004942893981933594
34,4.763769880308303,0.7740383576092,Y,0.0034821033477783203
73,0.335901148403997,0.7740383576092,Y,0.0034821033477783203
35,4.9462508269802665,5.025443712437564,Y,0.0012526512145996094
36,5.0,5.025443712437564,Y,0.0012526512145996094
35,4.947820133151902,1.337888179474902,Y,0.0054895877838134766
37,0.5688676553469145,1.337888179474902,Y,0.0054895877838134766
35,4.947825476747645,1.3253317988039441,Y,0.003095388412475586
38,0.4844681564505473,1.3253317988039441,Y,0.003095388412475586
35,5.0,1.2578997897933135,Y,0.0017788410186767578
39,0.42128095231654544,1.2578997897933135,Y,0.0017788410186767578
35,4.947793139926816,1.4013168579119224,Y,0.0037658214569091797
40,0.21336920767760498,1.4013168579119224,Y,0.0037658214569091797
35,4.947894656793809,1.1627725293323863,Y,0.004400730133056641
41,0.0,1.1627725293323863,Y,0.004400730133056641
35,4.9478946567931965,1.1627725293325568,Y,0.001874685287475586
42,0.0,1.1627725293325568,Y,0.001874685287475586
35,4.947894656794285,1.1627725293341058,Y,0.0028464794158935547
43,-3.8746783559417963e-13,1.1627725293341058,Y,0.0028464794158935547
35,5.0,1.1809361186922729,Y,0.00646209716796875
44,0.0698556879509411,1.1809361186922729,Y,0.00646209716796875
35,4.947894656794518,1.1627725293326279,Y,0.001748800277709961
45,0.0,1.1627725293326279,Y,0.001748800277709961
35,4.947894656794224,1.1627725293324573,Y,0.001722574234008789
46,0.0,1.1627725293324573,Y,0.001722574234008789
35,4.947869601630818,1.2216471515777698,Y,0.0040400028228759766
47,0.0835587713997169,1.2216471515777698,Y,0.0040400028228759766
35,4.947894656793108,1.1627725293325994,Y,0.0019001960754394531
48,0.0,1.1627725293325994,Y,0.0019001960754394531
35,4.947894656794506,1.1627725293325568,Y,0.003875732421875
49,0.0,1.1627725293325568,Y,0.003875732421875
35,4.94784722223377,1.2742342562760882,Y,0.0036001205444335938
50,0.02898978167185008,1.2742342562760882,Y,0.0036001205444335938
35,4.947881992697474,1.1925306237608453,Y,0.006032705307006836
51,0.03775602883254298,1.1925306237608453,Y,0.006032705307006836
35,4.947260271403125,2.6534512783056385,Y,0.00179290771484375
52,5.0,2.6534512783056385,Y,0.00179290771484375
35,4.947894656794346,1.1627725293358964,Y,0.0017681121826171875
53,-1.7173484856414234e-12,1.1627725293358964,Y,0.0017681121826171875
35,4.947894656794564,1.162772529332571,Y,0.0012402534484863281
54,0.0,1.162772529332571,Y,0.0012402534484863281
35,4.947894656794048,1.1627725293323294,Y,0.003604888916015625
55,0.0,1.1627725293323294,Y,0.003604888916015625
35,4.947864731562763,1.2330908365361637,Y,0.0040836334228515625
56,0.27565835632028923,1.2330908365361637,Y,0.0040836334228515625
35,5.0,1.263734998777494,Y,0.0019104480743408203
57,0.5264094472086392,1.263734998777494,Y,0.0019104480743408203
35,4.947894656794688,1.1627725293325852,Y,0.006175994873046875
58,0.0,1.1627725293325852,Y,0.006175994873046875
35,4.947894656794224,1.1627725293324431,Y,0.001767873764038086
59,0.0,1.1627725293324431,Y,0.001767873764038086
35,4.947894656794562,1.1627725293325426,Y,0.0014216899871826172
60,0.0,1.1627725293325426,Y,0.0014216899871826172
35,4.947843843307055,1.2821740584682573,Y,0.0035593509674072266
61,0.03236504223542183,1.2821740584682573,Y,0.0035593509674072266
35,4.947894656794092,1.1627725293325568,Y,0.004528045654296875
62,0.0,1.1627725293325568,Y,0.004528045654296875
35,5.0,1.3869463188248403,Y,0.0036411285400390625
63,1.0592345926039994,1.3869463188248403,Y,0.0036411285400390625
35,4.947854605887571,1.256884147573814,Y,0.0018630027770996094
64,0.13054112279812446,1.256884147573814,Y,0.0018630027770996094
35,4.947894656794564,1.162772529332571,Y,0.001239776611328125
65,0.0,1.162772529332571,Y,0.001239776611328125
35,4.947771396664188,1.4524091754155108,Y,0.004633903503417969
66,0.35947243957209846,1.4524091754155108,Y,0.004633903503417969
35,5.0,2.4911238569066825,Y,0.00444340705871582
67,4.895182050974744,2.4911238569066825,Y,0.00444340705871582
35,4.94789465679432,1.162772529332642,Y,0.0052983760833740234
68,-9.428569036629142e-13,1.162772529332642,Y,0.0052983760833740234
35,4.947888463095774,1.1773264817221047,Y,0.006130218505859375
69,0.053166863227328214,1.1773264817221047,Y,0.006130218505859375
35,4.947894656794564,1.1627725293327558,Y,0.0012922286987304688
70,-2.318145675417327e-13,1.1627725293327558,Y,0.0012922286987304688
35,4.956668323871213,1.4779553145757234,Y,0.006289243698120117
71,0.901711287179126,1.4779553145757234,Y,0.006289243698120117
35,4.9476317599337944,1.7805275545573522,Y,0.005462646484375
72,0.5630195166970698,1.7805275545573522,Y,0.005462646484375
35,4.947670024662373,1.6906130978121183,Y,0.0035445690155029297
73,0.335901148403997,1.6906130978121183,Y,0.0035445690155029297
36,5.0,4.025659397315863,Y,0.005964517593383789
37,0.5260483865022287,4.025659397315863,Y,0.005964517593383789
36,5.0,4.013103016644848,Y,0.0018444061279296875
38,0.44712929161700987,4.013103016644848,Y,0.0018444061279296875
36,5.0,3.945671007634246,Y,0.0017430782318115234
39,0.41991465366278447,3.945671007634246,Y,0.0017430782318115234
36,5.0,4.089088075752812,Y,0.0037682056427001953
40,0.18898137521095018,4.089088075752812,Y,0.0037682056427001953
36,4.983803319370254,3.850543747173589,Y,0.0035941600799560547
41,0.0,3.850543747173589,Y,0.0035941600799560547
36,4.98380331937005,3.850543747173816,Y,0.0017447471618652344
42,0.0,3.850543747173816,Y,0.0017447471618652344
36,4.983803319370011,3.8505437471750383,Y,0.0017440319061279297
43,-3.8746783559417963e-13,3.8505437471750383,Y,0.0017440319061279297
36,5.0,3.8687073365332196,Y,0.006217241287231445
44,0.06668309231536895,3.8687073365332196,Y,0.006217241287231445
36,4.9838033193701,3.8505437471735604,Y,0.0017969608306884766
45,0.0,3.8505437471735604,Y,0.0017969608306884766
36,4.98380331937006,3.850543747173475,Y,0.0038776397705078125
46,0.0,3.850543747173475,Y,0.0038776397705078125
36,5.0,3.9094183694185745,Y,0.004240751266479492
47,0.06579185882585825,3.9094183694185745,Y,0.004240751266479492
36,4.983803319369555,3.8505437471735036,Y,0.0028672218322753906
48,0.0,3.8505437471735036,Y,0.0028672218322753906
36,4.983803319370027,3.850543747173475,Y,0.004771232604980469
49,0.0,3.850543747173475,Y,0.004771232604980469
36,4.983788891307017,3.9620054741170776,Y,0.0036356449127197266
50,0.02898978167185008,3.9620054741170776,Y,0.0036356449127197266
36,4.983799467360236,3.880301841601721,Y,0.005934238433837891
51,0.03775602883254314,3.880301841601721,Y,0.005934238433837891
36,5.0,5.341222496146543,Y,0.001773834228515625
52,4.9535121921387155,5.341222496146543,Y,0.001773834228515625
36,4.98380331936911,3.8505437471761184,Y,0.0018801689147949219
53,-1.7173484856414234e-12,3.8505437471761184,Y,0.0018801689147949219
36,4.983803319370101,3.8505437471735036,Y,0.0012624263763427734
54,0.0,3.8505437471735036,Y,0.0012624263763427734
36,4.983803319369989,3.8505437471734467,Y,0.003628253936767578
55,0.0,3.8505437471734467,Y,0.003628253936767578
36,5.0,3.920862054377068,Y,0.004061698913574219
56,0.22657994372135304,3.920862054377068,Y,0.004061698913574219
36,5.0,3.9515062166184265,Y,0.0019199848175048828
57,0.5248144866256128,3.9515062166184265,Y,0.0019199848175048828
36,4.983803319370113,3.8505437471735178,Y,0.005762338638305664
58,0.0,3.8505437471735178,Y,0.005762338638305664
36,4.98380331937048,3.8505437471737594,Y,0.003861665725708008
59,0.0,3.8505437471737594,Y,0.003861665725708008
36,4.98380331937003,3.850543747196454,Y,0.001781463623046875
60,0.0,3.850543747196454,Y,0.001781463623046875
36,4.984162716434107,3.9702348919602173,Y,0.005324363708496094
61,0.03236504223542183,3.9702348919602173,Y,0.005324363708496094
36,4.983803319370073,3.8505437471735036,Y,0.006539583206176758
62,0.0,3.8505437471735036,Y,0.006539583206176758
36,4.999999999999986,4.074717536665702,Y,0.004955768585205078
63,1.055806306796832,4.074717536665702,Y,0.004955768585205078
36,5.0,3.944655365414718,Y,0.003466367721557617
64,0.11317214001198506,3.944655365414718,Y,0.003466367721557617
36,4.983803319370101,3.8505437471735036,Y,0.002028226852416992
65,0.0,3.8505437471735036,Y,0.002028226852416992
36,5.0,4.140180393256415,Y,0.005242347717285156
66,0.3314309659158609,4.140180393256415,Y,0.005242347717285156
36,5.0,5.178895074747601,Y,0.007245063781738281
67,4.892905756653416,5.178895074747601,Y,0.007245063781738281
36,4.9838033193700575,3.850543747173532,Y,0.00687408447265625
68,-9.619249841108513e-13,3.850543747173532,Y,0.00687408447265625
36,5.0,3.865097699563023,Y,0.007068634033203125
69,0.007452323167217313,3.865097699563023,Y,0.007068634033203125
36,4.983803319370101,3.8505437471736883,Y,0.0015537738800048828
70,-2.318145675417327e-13,3.8505437471736883,Y,0.0015537738800048828
36,5.0,4.165726532416613,Y,0.006783008575439453
71,0.8799628666448912,4.165726532416613,Y,0.006783008575439453
36,4.984039727923281,4.468298772398356,Y,0.0062711238861083984
72,0.5626896620895078,4.468298772398356,Y,0.0062711238861083984
36,4.983734993522035,4.378384315653037,Y,0.0034759044647216797
73,0.335901148403997,4.378384315653037,Y,0.0034759044647216797
37,3.75841729031519,0.6127816032550015,Y,0.02290797233581543
38,0.6739970864437913,0.6127816032550015,Y,0.02290797233581543
37,0.5273683923373939,0.162988214210813,Y,0.010284185409545898
39,0.0,0.162988214210813,Y,0.010284185409545898
37,0.0,0.2264168926478476,Y,0.005425930023193359
40,0.18973280778279278,0.2264168926478476,Y,0.005425930023193359
37,4.864281523024329,0.5607731054192726,Y,0.0051593780517578125
41,2.1874330037243217,0.5607731054192726,Y,0.0051593780517578125
37,4.690010825278988,0.3368250111976323,Y,0.008129119873046875
42,1.6555163048287778,0.3368250111976323,Y,0.008129119873046875
37,0.5273683923374506,0.16298821421085563,Y,0.003683805465698242
43,0.0,0.16298821421085563,Y,0.003683805465698242
37,0.8596402362676523,0.2686486475886056,Y,0.005533933639526367
44,4.424841427972677,0.2686486475886056,Y,0.005533933639526367
37,0.5273683923374632,0.1629882142107988,Y,0.006759166717529297
45,0.0,0.1629882142107988,Y,0.006759166717529297
37,0.5273683923372476,0.16298821421078458,Y,0.00507354736328125
46,0.0,0.16298821421078458,Y,0.00507354736328125
37,0.5273683923374417,0.1629882142108272,Y,0.005978584289550781
47,0.0,0.1629882142108272,Y,0.005978584289550781
37,1.9368919181688709,0.6135085370558215,Y,0.0048563480377197266
48,1.7680488144986717,0.6135085370558215,Y,0.0048563480377197266
37,1.317758756360471,0.607214649056516,Y,0.005605936050415039
49,1.6564901277887927,0.607214649056516,Y,0.005605936050415039
37,0.527368392337394,0.16298821421077037,Y,0.0046465396881103516
50,0.0,0.16298821421077037,Y,0.0046465396881103516
37,4.962700169704825,0.45695755389768067,Y,0.005434274673461914
51,1.9512065956876905,0.45695755389768067,Y,0.005434274673461914
37,0.0,1.4785513130415495,Y,0.004476070404052734
52,4.954930399228401,1.4785513130415495,Y,0.004476070404052734
37,1.5621131513441133,0.250869332965479,Y,0.0036590099334716797
53,4.308581693256319,0.250869332965479,Y,0.0036590099334716797
37,0.527368392337394,0.162988214210813,Y,0.005651950836181641
54,0.0,0.162988214210813,Y,0.005651950836181641
37,0.5273683923374417,0.162988214210813,Y,0.005550384521484375
55,0.0,0.162988214210813,Y,0.005550384521484375
37,0.5273683923374631,0.1629882142108272,Y,0.005613088607788086
56,0.0,0.1629882142108272,Y,0.005613088607788086
37,0.5273683923373821,0.1629882142107988,Y,0.0072100162506103516
57,0.0,0.1629882142107988,Y,0.0072100162506103516
37,0.5273683923373456,0.1629882142107988,Y,0.00417780876159668
58,0.0,0.1629882142107988,Y,0.00417780876159668
37,4.832502270045999,0.42473365311697364,Y,0.006529092788696289
59,3.172080302865541,0.42473365311697364,Y,0.006529092788696289
37,0.5273683923372691,0.16298821421078458,Y,0.00589442253112793
60,0.0,0.16298821421078458,Y,0.00589442253112793
37,0.5273683923373662,0.1629882142107988,Y,0.004629611968994141
61,0.0,0.1629882142107988,Y,0.004629611968994141
37,0.7020314558191239,0.605627589293249,Y,0.006165981292724609
62,0.7580299028275822,0.605627589293249,Y,0.006165981292724609
37,0.0,0.2120463535607655,Y,0.005516767501831055
63,1.06073319220631,0.2120463535607655,Y,0.005516767501831055
37,0.5273683923373939,0.16298821421077037,Y,0.0049135684967041016
64,0.0,0.16298821421077037,Y,0.0049135684967041016
37,0.5273683923373939,0.162988214210813,Y,0.005421876907348633
65,0.0,0.162988214210813,Y,0.005421876907348633
37,0.0,0.2775092101514929,Y,0.004418134689331055
66,0.3322946216968913,0.2775092101514929,Y,0.004418134689331055
37,0.0,1.3162238916426077,Y,0.0032958984375
67,4.896177082880986,1.3162238916426077,Y,0.0032958984375
37,1.6589771387100107,0.2921270435503516,Y,0.004712343215942383
68,4.431393815699553,0.2921270435503516,Y,0.004712343215942383
37,0.5273683923373451,0.1629882142107988,Y,0.003870248794555664
69,0.0,0.1629882142107988,Y,0.003870248794555664
37,0.527368392337394,0.162988214210813,Y,0.00561833381652832
70,0.0,0.162988214210813,Y,0.00561833381652832
37,0.8658117824800003,0.610970829951043,Y,0.004774332046508789
71,0.9854818516537294,0.610970829951043,Y,0.004774332046508789
37,0.0,0.6072146490565444,Y,0.0053751468658447266
72,0.553118330215977,0.6072146490565444,Y,0.0053751468658447266
37,1.5165367965650274,0.6056275892932632,Y,0.008989334106445312
73,0.39056055155907177,0.6056275892932632,Y,0.008989334106445312
38,1.646824555884989,1.527555870226351,Y,0.004122734069824219
39,4.9554136330811565,1.527555870226351,Y,0.004122734069824219
38,3.242514757785285,5.47726729280464,Y,0.0046558380126953125
40,4.9871826524907155,5.47726729280464,Y,0.0046558380126953125
38,0.4482804663199843,0.15043183353989775,Y,0.004884481430053711
41,0.0,0.15043183353989775,Y,0.004884481430053711
38,0.4482804663198534,0.15043183353991196,Y,0.0028345584869384766
42,0.0,0.15043183353991196,Y,0.0028345584869384766
38,0.44828046631975943,0.1504318335398409,Y,0.005705118179321289
43,0.0,0.1504318335398409,Y,0.005705118179321289
38,0.47502075938789157,0.18803676595048557,Y,0.007952213287353516
44,0.33792776542030967,0.18803676595048557,Y,0.007952213287353516
38,0.44828046631977475,0.15043183353985512,Y,0.005079984664916992
45,0.0,0.15043183353985512,Y,0.005079984664916992
38,0.44828046631975904,0.1504318335398267,Y,0.005341768264770508
46,0.0,0.1504318335398267,Y,0.005341768264770508
38,0.4538191247199635,0.3196457868558156,Y,0.004433393478393555
47,0.2374980205009567,0.3196457868558156,Y,0.004433393478393555
38,0.4482804663198532,0.15043183353991196,Y,0.0036072731018066406
48,0.0,0.15043183353991196,Y,0.0036072731018066406
38,0.44828046631976864,0.15043183353985512,Y,0.005075216293334961
49,0.0,0.15043183353985512,Y,0.005075216293334961
38,4.966308811675468,2.1874558272599387,Y,0.004657268524169922
50,3.674981374771417,2.1874558272599387,Y,0.004657268524169922
38,0.42727966128989364,0.22476760906747018,Y,0.0045702457427978516
51,0.10324573682030391,0.22476760906747018,Y,0.0045702457427978516
38,0.7977187534286122,2.1655747961273875,Y,0.003918647766113281
52,4.962200887957128,2.1655747961273875,Y,0.003918647766113281
38,0.4482804663197749,0.15043183353985512,Y,0.004367351531982422
53,0.0,0.15043183353985512,Y,0.004367351531982422
38,0.4482804663197597,0.1504318335398125,Y,0.0036225318908691406
54,0.0,0.1504318335398125,Y,0.0036225318908691406
38,0.44828046631972607,0.1504318335398125,Y,0.00455784797668457
55,0.0,0.1504318335398125,Y,0.00455784797668457
38,5.0,2.9410422638997744,Y,0.004547119140625
56,4.951305691518197,2.9410422638997744,Y,0.004547119140625
38,1.168922623568494,0.9074120371149661,Y,0.004164218902587891
57,4.836951384182856,0.9074120371149661,Y,0.004164218902587891
38,0.4482804663199444,0.15043183353989775,Y,0.005710601806640625
58,0.0,0.15043183353989775,Y,0.005710601806640625
38,0.44828046631976853,0.1504318335398409,Y,0.0032422542572021484
59,0.0,0.1504318335398409,Y,0.0032422542572021484
38,0.4482804663196747,0.1504318335398267,Y,0.0042684078216552734
60,0.0,0.1504318335398267,Y,0.0042684078216552734
38,3.164820582440113,1.4052767513689872,Y,0.005114555358886719
61,4.929700002534268,1.4052767513689872,Y,0.005114555358886719
38,0.44828046631977475,0.15043183353985512,Y,0.003952741622924805
62,0.0,0.15043183353985512,Y,0.003952741622924805
38,1.8589930627706468,2.1142717620821543,Y,0.005233287811279297
63,4.960990953837763,2.1142717620821543,Y,0.005233287811279297
38,4.978235298347648,3.113411410320907,Y,0.003434896469116211
64,4.847216263897902,3.113411410320907,Y,0.003434896469116211
38,0.4482804663197597,0.1504318335398125,Y,0.0037751197814941406
65,0.0,0.1504318335398125,Y,0.0037751197814941406
38,5.0,6.64630316560266,Y,0.003741741180419922
66,4.971398181619394,6.64630316560266,Y,0.003741741180419922
38,0.3510032236921889,1.8827123849433178,Y,0.004339694976806641
67,4.954335816688187,1.8827123849433178,Y,0.004339694976806641
38,0.44828046631975904,0.1504318335398267,Y,0.009861469268798828
68,0.0,0.1504318335398267,Y,0.009861469268798828
38,0.57136387144714,0.23375460425948802,Y,0.0053806304931640625
69,0.15348383056927625,0.23375460425948802,Y,0.0053806304931640625
38,0.44828046631975943,0.1504318335398267,Y,0.0043637752532958984
70,0.0,0.1504318335398267,Y,0.0043637752532958984
38,0.0,0.303055349311677,Y,0.006364345550537109
71,0.880766695658773,0.303055349311677,Y,0.006364345550537109
38,0.0,0.605627589293249,Y,0.0073394775390625
72,0.5516517652252634,0.605627589293249,Y,0.0073394775390625
38,0.0,0.5275544759286674,Y,0.004454851150512695
73,0.33561587004789306,0.5275544759286674,Y,0.004454851150512695
39,4.970953312452764,2.393116899006543,Y,0.003916740417480469
40,4.3463592642668605,2.393116899006543,Y,0.003916740417480469
39,0.4218781996680549,0.08299982452919608,Y,0.0065724849700927734
41,0.0,0.08299982452919608,Y,0.0065724849700927734
39,0.4218781996679171,0.0829998245292245,Y,0.00474095344543457
42,0.0,0.0829998245292245,Y,0.00474095344543457
39,0.4218781996679603,0.08299982452919608,Y,0.005281925201416016
43,0.0,0.08299982452919608,Y,0.005281925201416016
39,0.5237168109339694,0.16393041543940967,Y,0.0061681270599365234
44,0.7187212642419094,0.16393041543940967,Y,0.0061681270599365234
39,0.4218781996679603,0.08299982452921029,Y,0.004151821136474609
45,0.0,0.08299982452921029,Y,0.004151821136474609
39,0.4218781996678342,0.08299982452918186,Y,0.004835844039916992
46,0.0,0.08299982452918186,Y,0.004835844039916992
39,4.9749640046188315,2.7506859457365636,Y,0.003904581069946289
47,3.1612700496214288,2.7506859457365636,Y,0.003904581069946289
39,0.42187819966774426,0.08299982452921029,Y,0.0047338008880615234
48,0.0,0.08299982452921029,Y,0.0047338008880615234
39,0.421878199668028,0.0829998245292245,Y,0.004423379898071289
49,0.0,0.0829998245292245,Y,0.004423379898071289
39,4.97872560112872,3.211596839470218,Y,0.003930568695068359
50,1.0975746575389105,3.211596839470218,Y,0.003930568695068359
39,4.947238887927721,1.4007978509944365,Y,0.005745887756347656
51,1.420669726151714,1.4007978509944365,Y,0.005745887756347656
39,4.936545166614144,3.5534551284444262,Y,0.004186868667602539
52,5.0,3.5534551284444262,Y,0.004186868667602539
39,0.4218781996679603,0.08299982452919608,Y,0.0050394535064697266
53,0.0,0.08299982452919608,Y,0.0050394535064697266
39,0.4218781996679603,0.08299982452921029,Y,0.0040700435638427734
54,0.0,0.08299982452921029,Y,0.0040700435638427734
39,0.4218781996678406,0.0829998245292245,Y,0.004789113998413086
55,0.0,0.0829998245292245,Y,0.004789113998413086
39,0.24702264827848575,0.08299982452916765,Y,0.00460052490234375
56,0.13484313425522473,0.08299982452916765,Y,0.00460052490234375
39,3.923458711928914,1.6077721962582245,Y,0.004730939865112305
57,4.9597047619074495,1.6077721962582245,Y,0.004730939865112305
39,0.4218781996680373,0.08299982452928134,Y,0.00602269172668457
58,0.0,0.08299982452928134,Y,0.00602269172668457
39,0.4218781996679297,0.08299982452918186,Y,0.0042781829833984375
59,0.0,0.08299982452918186,Y,0.0042781829833984375
39,0.4218781996678342,0.08299982452918186,Y,0.004900217056274414
60,0.0,0.08299982452918186,Y,0.004900217056274414
39,4.980318980078493,3.461379686509787,Y,0.003882884979248047
61,1.2257463330218425,3.461379686509787,Y,0.003882884979248047
39,0.4218781996678835,0.0829998245292245,Y,0.004960060119628906
62,0.0,0.0829998245292245,Y,0.004960060119628906
39,4.982910630661488,3.970229779538016,Y,0.0037841796875
63,1.3523129313773057,3.970229779538016,Y,0.0037841796875
39,4.974856989161758,2.73963290886374,Y,0.004942417144775391
64,4.93864489010799,2.73963290886374,Y,0.004942417144775391
39,0.4218781996679603,0.08299982452921029,Y,0.00412750244140625
65,0.0,0.08299982452921029,Y,0.00412750244140625
39,4.982868841789838,3.960765878742677,Y,0.0046253204345703125
66,1.3488567678233445,3.960765878742677,Y,0.0046253204345703125
39,4.974987106343792,6.082993273953349,Y,0.004234790802001953
67,4.988414568827904,6.082993273953349,Y,0.004234790802001953
39,0.4218781996678342,0.08299982452918186,Y,0.004523515701293945
68,0.0,0.08299982452918186,Y,0.004523515701293945
39,0.3913504903482513,0.13372240730930685,Y,0.005861997604370117
69,0.2072137082166282,0.13372240730930685,Y,0.005861997604370117
39,0.4218781996680439,0.08299982452925292,Y,0.0021979808807373047
70,0.0,0.08299982452925292,Y,0.0021979808807373047
39,0.0,0.3030553493117054,Y,0.007849931716918945
71,0.8807666956588682,0.3030553493117054,Y,0.007849931716918945
39,4.960298017029438,2.1936738656947625,Y,0.004071235656738281
72,3.0033645285077557,2.1936738656947625,Y,0.004071235656738281
39,5.0,7.18345435588634,Y,0.0038042068481445312
73,2.093127852887558,7.18345435588634,Y,0.0038042068481445312
40,0.1897328077827929,0.2264168926478476,Y,0.005148649215698242
41,0.0,0.2264168926478476,Y,0.005148649215698242
40,4.8636254478663385,3.4222562004139263,Y,0.0036020278930664062
42,4.980490787629297,3.4222562004139263,Y,0.0036020278930664062
40,0.1897328077827931,0.2264168926478476,Y,0.004856586456298828
43,0.0,0.2264168926478476,Y,0.004856586456298828
40,0.18973280778273813,0.22641689264781917,Y,0.006460428237915039
44,0.0,0.22641689264781917,Y,0.006460428237915039
40,4.962195098900652,1.8553888364849769,Y,0.004141092300415039
45,2.2578541772616827,1.8553888364849769,Y,0.004141092300415039
40,0.18973280778293145,0.22641689264790443,Y,0.004503726959228516
46,0.0,0.22641689264790443,Y,0.004503726959228516
40,0.18973280778284696,0.22641689264790443,Y,0.009522438049316406
47,0.0,0.22641689264790443,Y,0.009522438049316406
40,3.5222924412353014,0.6190626816199085,Y,0.00455927848815918
48,4.828181915135223,0.6190626816199085,Y,0.00455927848815918
40,0.19780630865797236,0.23056741781616097,Y,0.007927894592285156
49,0.0,0.23056741781616097,Y,0.007927894592285156
40,0.1897328077826842,0.22641689264776232,Y,0.0045032501220703125
50,0.0,0.22641689264776232,Y,0.0045032501220703125
40,0.18973280778279342,0.22641689264781917,Y,0.008042335510253906
51,0.0,0.22641689264781917,Y,0.008042335510253906
40,5.0,4.048756097789806,Y,0.003813028335571289
52,4.953986730333418,4.048756097789806,Y,0.003813028335571289
40,0.18973280778280488,0.22641689264781917,Y,0.005188465118408203
53,0.0,0.22641689264781917,Y,0.005188465118408203
40,3.0781249027392366,1.0107647197146434,Y,0.004057884216308594
54,4.918085419536375,1.0107647197146434,Y,0.004057884216308594
40,0.18973280778279494,0.2264168926478476,Y,0.003761768341064453
55,0.0,0.2264168926478476,Y,0.003761768341064453
40,0.18973280778268437,0.22641689264776232,Y,0.003843069076538086
56,0.0,0.22641689264776232,Y,0.003843069076538086
40,1.709783323647816,0.7801225539871552,Y,0.004357337951660156
57,4.889783967917423,0.7801225539871552,Y,0.004357337951660156
40,0.18973280778279317,0.2264168926478476,Y,0.005234718322753906
58,0.0,0.2264168926478476,Y,0.005234718322753906
40,0.18973280778279267,0.2264168926478476,Y,0.004412174224853516
59,0.0,0.2264168926478476,Y,0.004412174224853516
40,0.18973280778276577,0.2264168926478476,Y,0.005273580551147461
60,0.0,0.2264168926478476,Y,0.005273580551147461
40,0.18973280778276527,0.2264168926478476,Y,0.003689289093017578
61,0.0,0.2264168926478476,Y,0.003689289093017578
40,4.98029165172498,3.3534439288872306,Y,0.0038099288940429688
62,3.6672236244027214,3.3534439288872306,Y,0.0038099288940429688
40,0.18973280778265897,0.2264168926477339,Y,0.004676103591918945
63,0.0,0.2264168926477339,Y,0.004676103591918945
40,0.18973280778276577,0.2264168926478476,Y,0.004251718521118164
64,0.0,0.2264168926478476,Y,0.004251718521118164
40,0.18973280778276577,0.2264168926478476,Y,0.004301786422729492
65,0.0,0.2264168926478476,Y,0.004301786422729492
40,0.05076188974432727,0.2775092101513792,Y,0.004378795623779297
66,0.27395166296943757,0.2775092101513792,Y,0.004378795623779297
40,4.8643913971393395,1.769898123378681,Y,0.0042989253997802734
67,5.0,1.769898123378681,Y,0.0042989253997802734
40,0.14671184474822796,0.22641689264781917,Y,0.006432771682739258
68,0.04262822832459433,0.22641689264781917,Y,0.006432771682739258
40,0.18973280778275636,0.22641689264783338,Y,0.00713801383972168
69,0.0,0.22641689264783338,Y,0.00713801383972168
40,4.126170258230447,2.119024923740483,Y,0.0036792755126953125
70,4.966734566765149,2.119024923740483,Y,0.0036792755126953125
40,0.3643409600219812,0.605627589293249,Y,0.005887746810913086
71,1.2503891717334426,0.605627589293249,Y,0.005887746810913086
40,0.0,0.605627589293249,Y,0.010288715362548828
72,0.5516517652252634,0.605627589293249,Y,0.010288715362548828
40,4.9298716265748,5.157908568067455,Y,0.00522160530090332
73,4.992107191518221,5.157908568067455,Y,0.00522160530090332
41,0,0,N,0.00402379035949707
42,0,0,N,0.00402379035949707
41,0,0,N,0.0012874603271484375
43,0,0,N,0.0012874603271484375
41,0.0,0.009999999999990905,Y,0.005284309387207031
44,0.11802635415999344,0.009999999999990905,Y,0.005284309387207031
41,0,0,N,0.0013802051544189453
45,0,0,N,0.0013802051544189453
41,0,0,N,0.0016522407531738281
46,0,0,N,0.0016522407531738281
41,0.0,0.046747186313623956,Y,0.003528594970703125
47,0.0663400747566874,0.046747186313623956,Y,0.003528594970703125
41,0,0,N,0.0014431476593017578
48,0,0,N,0.0014431476593017578
41,0,0,N,0.001684427261352539
49,0,0,N,0.001684427261352539
41,0.0,0.09933429101207025,Y,0.008594036102294922
50,0.025833005821677604,0.09933429101207025,Y,0.008594036102294922
41,0.0,0.01763065849677048,Y,0.004435300827026367
51,0.02236692560336774,0.01763065849677048,Y,0.004435300827026367
41,0.0,1.478551313041578,Y,0.0034906864166259766
52,4.954930399228552,1.478551313041578,Y,0.0034906864166259766
41,0,0,N,0.0011026859283447266
53,0,0,N,0.0011026859283447266
41,0,0,N,0.0017583370208740234
54,0,0,N,0.0017583370208740234
41,0,0,N,0.002612590789794922
55,0,0,N,0.002612590789794922
41,0.0,0.058190871272074673,Y,0.006063222885131836
56,0.22809416900893753,0.058190871272074673,Y,0.006063222885131836
41,0.0,0.08883503351350441,Y,0.0034873485565185547
57,0.5271066490840277,0.08883503351350441,Y,0.0034873485565185547
41,0,0,N,0.0014638900756835938
58,0,0,N,0.0014638900756835938
41,0,0,N,0.0012044906616210938
59,0,0,N,0.0012044906616210938
41,0,0,N,0.0013356208801269531
60,0,0,N,0.0013356208801269531
41,0.0,0.1082707393269402,Y,0.006209373474121094
61,0.029344989614727757,0.1082707393269402,Y,0.006209373474121094
41,0,0,N,0.004709005355834961
62,0,0,N,0.004709005355834961
41,0.0,0.2120463535607371,Y,0.007830619812011719
63,1.0607331922064844,0.2120463535607371,Y,0.007830619812011719
41,0.0,0.0819841823098244,Y,0.005447864532470703
64,0.11370792660536148,0.0819841823098244,Y,0.005447864532470703
41,0,0,N,0.0015954971313476562
65,0,0,N,0.0015954971313476562
41,0.0,0.2775092101514929,Y,0.0046863555908203125
66,0.3322946216968913,0.2775092101514929,Y,0.0046863555908203125
41,0.0,1.3162238916422382,Y,0.0039615631103515625
67,4.896177082878007,1.3162238916422382,Y,0.0039615631103515625
41,0,0,N,0.004647493362426758
68,0,0,N,0.004647493362426758
41,0.0,0.009999999999990905,Y,0.007822513580322266
69,0.036527223064916146,0.009999999999990905,Y,0.007822513580322266
41,0,0,N,0.0016160011291503906
70,0,0,N,0.0016160011291503906
41,0.0,0.30305534931173383,Y,0.004269599914550781
71,0.8807666956587729,0.30305534931173383,Y,0.004269599914550781
41,0.0,0.6056275892933058,Y,0.004944801330566406
72,0.5516517652252896,0.6056275892933058,Y,0.004944801330566406
41,0.0,0.5157131325480293,Y,0.005385637283325195
73,0.3256475621898795,0.5157131325480293,Y,0.005385637283325195
42,0,0,N,0.0018846988677978516
43,0,0,N,0.0018846988677978516
42,0.0,0.009999999999990905,Y,0.0068511962890625
44,0.11802635415963239,0.009999999999990905,Y,0.0068511962890625
42,0,0,N,0.0014333724975585938
45,0,0,N,0.0014333724975585938
42,0,0,N,0.0014560222625732422
46,0,0,N,0.0014560222625732422
42,0.0,0.046747186313623956,Y,0.00504755973815918
47,0.06634007475668734,0.046747186313623956,Y,0.00504755973815918
42,0,0,N,0.0037856101989746094
48,0,0,N,0.0037856101989746094
42,0,0,N,0.002273082733154297
49,0,0,N,0.002273082733154297
42,4.844123891071288,0.48991458821180345,Y,0.004640340805053711
50,0.6834013813215108,0.48991458821180345,Y,0.004640340805053711
42,0.0,0.017630658496841534,Y,0.004422187805175781
51,0.02236692560342178,0.017630658496841534,Y,0.004422187805175781
42,1.7400128717059107,1.767884223506286,Y,0.0041735172271728516
52,5.0,1.767884223506286,Y,0.0041735172271728516
42,0,0,N,0.0015037059783935547
53,0,0,N,0.0015037059783935547
42,0,0,N,0.0012347698211669922
54,0,0,N,0.0012347698211669922
42,0,0,N,0.002638578414916992
55,0,0,N,0.002638578414916992
42,0.0,0.05819087127213152,Y,0.004193782806396484
56,0.22809416900905716,0.05819087127213152,Y,0.004193782806396484
42,1.1603278393728367,0.13484472737106046,Y,0.004005908966064453
57,3.838708419450612,0.13484472737106046,Y,0.004005908966064453
42,0,0,N,0.005254507064819336
58,0,0,N,0.005254507064819336
42,0,0,N,0.0016102790832519531
59,0,0,N,0.0016102790832519531
42,0,0,N,0.001276254653930664
60,0,0,N,0.001276254653930664
42,4.574824360093524,0.5204688638137611,Y,0.00484156608581543
61,1.1520265154015257,0.5204688638137611,Y,0.00484156608581543
42,0,0,N,0.004458189010620117
62,0,0,N,0.004458189010620117
42,5.0,1.3047892268478165,Y,0.0059070587158203125
63,4.843648762790685,1.3047892268478165,Y,0.0059070587158203125
42,0.0,0.08198418230986704,Y,0.004767894744873047
64,0.11370792660538682,0.08198418230986704,Y,0.004767894744873047
42,0,0,N,0.0013780593872070312
65,0,0,N,0.0013780593872070312
42,4.921849866971286,3.149022974042964,Y,0.00478672981262207
66,5.0,3.149022974042964,Y,0.00478672981262207
42,0.6669890073482294,1.8498829067939937,Y,0.004045724868774414
67,4.952810523603166,1.8498829067939937,Y,0.004045724868774414
42,0,0,N,0.002620697021484375
68,0,0,N,0.002620697021484375
42,0.0,0.009999999999990905,Y,0.006018638610839844
69,0.036527223064708556,0.009999999999990905,Y,0.006018638610839844
42,0,0,N,0.0019707679748535156
70,0,0,N,0.0019707679748535156
42,0.0,0.303055349311677,Y,0.006712436676025391
71,0.880766695658773,0.303055349311677,Y,0.006712436676025391
42,0.0,0.6056275892932206,Y,0.008153915405273438
72,0.5516517652252371,0.6056275892932206,Y,0.008153915405273438
42,0.0,0.5157131325480293,Y,0.004667043685913086
73,0.3256475621898795,0.5157131325480293,Y,0.004667043685913086
43,0.0,0.009999999999990905,Y,0.007027864456176758
44,0.11802635416031998,0.009999999999990905,Y,0.007027864456176758
43,0,0,N,0.002265453338623047
45,0,0,N,0.002265453338623047
43,0,0,N,0.0012824535369873047
46,0,0,N,0.0012824535369873047
43,0.0,0.04674718631363817,Y,0.002353668212890625
47,0.06634007475667983,0.04674718631363817,Y,0.002353668212890625
43,0,0,N,0.0020592212677001953
48,0,0,N,0.0020592212677001953
43,0,0,N,0.0020074844360351562
49,0,0,N,0.0020074844360351562
43,0.0,0.09933429101201341,Y,0.0034558773040771484
50,0.025833005821665412,0.09933429101201341,Y,0.0034558773040771484
43,0.0,0.01763065849675627,Y,0.004073381423950195
51,0.022366925603407133,0.01763065849675627,Y,0.004073381423950195
43,0.0,1.4785513130415353,Y,0.0037276744842529297
52,4.954930399228485,1.4785513130415353,Y,0.0037276744842529297
43,0,0,N,0.0010077953338623047
53,0,0,N,0.0010077953338623047
43,0,0,N,0.0011255741119384766
54,0,0,N,0.0011255741119384766
43,0,0,N,0.0013661384582519531
55,0,0,N,0.0013661384582519531
43,0.0,0.058190871272074673,Y,0.004430055618286133
56,0.22809416900882296,0.058190871272074673,Y,0.004430055618286133
43,0.0,0.08883503351344757,Y,0.004763603210449219
57,0.5271066490840147,0.08883503351344757,Y,0.004763603210449219
43,0,0,N,0.0014450550079345703
58,0,0,N,0.0014450550079345703
43,0,0,N,0.0012984275817871094
59,0,0,N,0.0012984275817871094
43,0,0,N,0.0010409355163574219
60,0,0,N,0.0010409355163574219
43,0.0,0.10727409320416825,Y,0.003310680389404297
61,0.029074865199745836,0.10727409320416825,Y,0.003310680389404297
43,0,0,N,0.0020427703857421875
62,0,0,N,0.0020427703857421875
43,0.0,0.21204635356070867,Y,0.00341033935546875
63,1.0607331922062824,0.21204635356070867,Y,0.00341033935546875
43,0.0,0.08198418230976756,Y,0.004738330841064453
64,0.11370792660528059,0.08198418230976756,Y,0.004738330841064453
43,0,0,N,0.0011434555053710938
65,0,0,N,0.0011434555053710938
43,0.0,0.2775092101514929,Y,0.003639698028564453
66,0.3322946216968914,0.2775092101514929,Y,0.003639698028564453
43,0.0,1.3162238916425508,Y,0.0034286975860595703
67,4.896177082880533,1.3162238916425508,Y,0.0034286975860595703
43,0,0,N,0.006742238998413086
68,0,0,N,0.006742238998413086
43,0.0,0.009999999999990905,Y,0.00471806526184082
69,0.03652722306491441,0.009999999999990905,Y,0.00471806526184082
43,0,0,N,0.0015072822570800781
70,0,0,N,0.0015072822570800781
43,0.0,0.31199355674050366,Y,0.004710197448730469
71,0.8993654104961877,0.31199355674050366,Y,0.004710197448730469
43,0.0,0.6056275892933058,Y,0.0053179264068603516
72,0.5516517652253159,0.6056275892933058,Y,0.0053179264068603516
43,0.0,0.5157131325480862,Y,0.005652189254760742
73,0.32564756218992724,0.5157131325480862,Y,0.005652189254760742
44,0.11802635415973049,0.009999999999990905,Y,0.008900642395019531
45,0.0,0.009999999999990905,Y,0.008900642395019531
44,0.1180263541606389,0.009999999999990905,Y,0.0077588558197021484
46,0.0,0.009999999999990905,Y,0.0077588558197021484
44,0.0,0.046747186313623956,Y,0.006218910217285156
47,0.06634007475666609,0.046747186313623956,Y,0.006218910217285156
44,1.0513578839291744,0.02862070819554674,Y,0.0057942867279052734
48,0.8356731492635128,0.02862070819554674,Y,0.0057942867279052734
44,2.438524787322282,0.6081318802041267,Y,0.0050809383392333984
49,1.2658021440978628,0.6081318802041267,Y,0.0050809383392333984
44,0.0,0.09933429101204183,Y,0.007593631744384766
50,0.025833005821669665,0.09933429101204183,Y,0.007593631744384766
44,0.0,0.017630658496813112,Y,0.005345582962036133
51,0.022366925603456916,0.017630658496813112,Y,0.005345582962036133
44,0.0,1.478551313041578,Y,0.0041997432708740234
52,4.954930399228595,1.478551313041578,Y,0.0041997432708740234
44,0.11802635416031967,0.009999999999990905,Y,0.006226062774658203
53,0.0,0.009999999999990905,Y,0.006226062774658203
44,0.11802635415986289,0.009999999999990905,Y,0.005124092102050781
54,0.0,0.009999999999990905,Y,0.005124092102050781
44,2.728191872042834,0.05237693728244608,Y,0.006764411926269531
55,0.2865718211387899,0.05237693728244608,Y,0.006764411926269531
44,0.0,0.06292767074516803,Y,0.008983612060546875
56,0.2466612795529612,0.06292767074516803,Y,0.008983612060546875
44,0.0,0.08883503351344757,Y,0.005191802978515625
57,0.5271066490840147,0.08883503351344757,Y,0.005191802978515625
44,0.11802635415963254,0.009999999999990905,Y,0.007370710372924805
58,0.0,0.009999999999990905,Y,0.007370710372924805
44,0.11802635416031967,0.009999999999990905,Y,0.007267475128173828
59,0.0,0.009999999999990905,Y,0.007267475128173828
44,0.1180263541606389,0.009999999999990905,Y,0.006968975067138672
60,0.0,0.009999999999990905,Y,0.006968975067138672
44,0.0,0.11299753994163098,Y,0.004669666290283203
61,0.03062611058805862,0.11299753994163098,Y,0.004669666290283203
44,4.25048515954086,0.4883365304416145,Y,0.009338855743408203
62,2.0608271964951204,0.4883365304416145,Y,0.009338855743408203
44,0.0,0.2120463535607371,Y,0.006899356842041016
63,1.0607331922062246,0.2120463535607371,Y,0.006899356842041016
44,0.0,0.08198418230983862,Y,0.00537872314453125
64,0.11370792660534468,0.08198418230983862,Y,0.00537872314453125
44,0.11802635415998422,0.009999999999990905,Y,0.006696462631225586
65,0.0,0.009999999999990905,Y,0.006696462631225586
44,0.0,0.27750921015143604,Y,0.007631540298461914
66,0.33229462169681284,0.27750921015143604,Y,0.007631540298461914
44,2.220446049250313e-16,1.3162238916424656,Y,0.0043561458587646484
67,4.896177082879748,1.3162238916424656,Y,0.0043561458587646484
44,4.494175779765187,0.49587086096772737,Y,0.003930330276489258
68,5.0,0.49587086096772737,Y,0.003930330276489258
44,0.0,0.009999999999990905,Y,0.007547140121459961
69,0.03652722306491041,0.009999999999990905,Y,0.007547140121459961
44,0.11802635415946895,0.009999999999990905,Y,0.0054929256439208984
70,0.0,0.009999999999990905,Y,0.0054929256439208984
44,0.025666242415795907,0.315437274908561,Y,0.00465083122253418
71,0.8663023664484617,0.315437274908561,Y,0.00465083122253418
44,0.0,0.6056275892933058,Y,0.004061222076416016
72,0.5516517652252896,0.6056275892933058,Y,0.004061222076416016
44,0.0,0.5157131325480151,Y,0.010230779647827148
73,0.3256475621898675,0.5157131325480151,Y,0.010230779647827148
45,0,0,N,0.0025916099548339844
46,0,0,N,0.0025916099548339844
45,3.1111337855832595,1.0114716576660072,Y,0.005160093307495117
47,4.937680537923176,1.0114716576660072,Y,0.005160093307495117
45,0,0,N,0.0025167465209960938
48,0,0,N,0.0025167465209960938
45,0,0,N,0.0030188560485839844
49,0,0,N,0.0030188560485839844
45,4.988461186242086,5.79191178557366,Y,0.005644798278808594
50,2.729286419507001,5.79191178557366,Y,0.005644798278808594
45,0.0,0.017630658496813112,Y,0.0060825347900390625
51,0.022366925603419085,0.017630658496813112,Y,0.0060825347900390625
45,0.4506681567432252,2.210123054384752,Y,0.004249095916748047
52,4.971674910088783,2.210123054384752,Y,0.004249095916748047
45,0,0,N,0.0014910697937011719
53,0,0,N,0.0014910697937011719
45,0,0,N,0.0013964176177978516
54,0,0,N,0.0013964176177978516
45,0,0,N,0.0023491382598876953
55,0,0,N,0.0023491382598876953
45,0.0,0.058190871272103095,Y,0.004232168197631836
56,0.2280941690088548,0.058190871272103095,Y,0.004232168197631836
45,0.38223551586574744,0.5184299831971941,Y,0.0036978721618652344
57,4.8752325156360055,0.5184299831971941,Y,0.0036978721618652344
45,0,0,N,0.0023393630981445312
58,0,0,N,0.0023393630981445312
45,0,0,N,0.0015358924865722656
59,0,0,N,0.0015358924865722656
45,0,0,N,0.002225160598754883
60,0,0,N,0.002225160598754883
45,4.989567150122281,6.411877128621569,Y,0.003465414047241211
61,3.0477237512571755,6.411877128621569,Y,0.003465414047241211
45,0,0,N,0.0020542144775390625
62,0,0,N,0.0020542144775390625
45,4.991250589284162,7.674851853360337,Y,0.0033235549926757812
63,3.3618410091155404,7.674851853360337,Y,0.0033235549926757812
45,1.984927427644654,2.008012967968071,Y,0.00481867790222168
64,4.968831284008511,2.008012967968071,Y,0.00481867790222168
45,0,0,N,0.001981973648071289
65,0,0,N,0.001981973648071289
45,4.991224506686316,7.6513622880331695,Y,0.0045697689056396484
66,3.3532590521684815,7.6513622880331695,Y,0.0045697689056396484
45,1.9711387888026421,4.786656575399093,Y,0.004658937454223633
67,4.984829516594521,4.786656575399093,Y,0.004658937454223633
45,0,0,N,0.002683877944946289
68,0,0,N,0.002683877944946289
45,0.0,0.009999999999990905,Y,0.005062580108642578
69,0.036527223065020056,0.009999999999990905,Y,0.005062580108642578
45,0,0,N,0.0013141632080078125
70,0,0,N,0.0013141632080078125
45,0.0,0.3030553493117054,Y,0.0072956085205078125
71,0.8807666956588682,0.3030553493117054,Y,0.0072956085205078125
45,3.2148455379741856,1.0648137861883242,Y,0.004903554916381836
72,4.858720732201294,1.0648137861883242,Y,0.004903554916381836
45,4.992724478157574,9.520248904163651,Y,0.003466367721557617
73,4.066302253397096,9.520248904163651,Y,0.003466367721557617
46,0.0,0.046747186313609745,Y,0.0035364627838134766
47,0.06634007475667081,0.046747186313609745,Y,0.0035364627838134766
46,0,0,N,0.0038192272186279297
48,0,0,N,0.0038192272186279297
46,0,0,N,0.002217531204223633
49,0,0,N,0.002217531204223633
46,0.0,0.09933429101207025,Y,0.002382040023803711
50,0.02583300582167393,0.09933429101207025,Y,0.002382040023803711
46,0.0,0.01763065849678469,Y,0.004694223403930664
51,0.0223669256033848,0.01763065849678469,Y,0.004694223403930664
46,0.0,1.4785513130415069,Y,0.003132343292236328
52,4.954930399228331,1.4785513130415069,Y,0.003132343292236328
46,0,0,N,0.0013353824615478516
53,0,0,N,0.0013353824615478516
46,0,0,N,0.001237630844116211
54,0,0,N,0.001237630844116211
46,0,0,N,0.0013580322265625
55,0,0,N,0.0013580322265625
46,0.0,0.05819087127206046,Y,0.004041194915771484
56,0.22809416900881457,0.05819087127206046,Y,0.004041194915771484
46,0.0,0.08883503351344757,Y,0.0038161277770996094
57,0.5271066490840816,0.08883503351344757,Y,0.0038161277770996094
46,0,0,N,0.006223440170288086
58,0,0,N,0.006223440170288086
46,0,0,N,0.0019605159759521484
59,0,0,N,0.0019605159759521484
46,0,0,N,0.0012896060943603516
60,0,0,N,0.0012896060943603516
46,0.0,0.10727409320423931,Y,0.00423884391784668
61,0.029074865199843876,0.10727409320423931,Y,0.00423884391784668
46,0,0,N,0.0020618438720703125
62,0,0,N,0.0020618438720703125
46,0.0,0.2120463535607655,Y,0.0036699771881103516
63,1.060733192206701,0.2120463535607655,Y,0.0036699771881103516
46,0.0,0.0819841823098102,Y,0.008106470108032227
64,0.11370792660534468,0.0819841823098102,Y,0.008106470108032227
46,0,0,N,0.0024416446685791016
65,0,0,N,0.0024416446685791016
46,0.0,0.27750921015146446,Y,0.007741451263427734
66,0.33229462169687846,0.27750921015146446,Y,0.007741451263427734
46,4.440892098500626e-16,1.3162238916426077,Y,0.003830432891845703
67,4.896177082880988,1.3162238916426077,Y,0.003830432891845703
46,0,0,N,0.008038759231567383
68,0,0,N,0.008038759231567383
46,0.0,0.009999999999990905,Y,0.0037755966186523438
69,0.03652722306500156,0.009999999999990905,Y,0.0037755966186523438
46,0,0,N,0.0020694732666015625
70,0,0,N,0.0020694732666015625
46,0.0,0.309432546099373,Y,0.006320476531982422
71,0.8940364329590915,0.309432546099373,Y,0.006320476531982422
46,0.0,0.6072146490566013,Y,0.005739688873291016
72,0.5531183302160295,0.6072146490566013,Y,0.005739688873291016
46,0.0,0.5157131325479725,Y,0.006766319274902344
73,0.325647562189864,0.5157131325479725,Y,0.006766319274902344
47,0.06634007475669212,0.04674718631363817,Y,0.002251148223876953
48,0.0,0.04674718631363817,Y,0.002251148223876953
47,1.1693576202528762,0.141629656527698,Y,0.006220579147338867
49,1.244522874529725,0.141629656527698,Y,0.006220579147338867
47,0.0,0.09933429101198499,Y,0.003535747528076172
50,0.025833005821656933,0.09933429101198499,Y,0.003535747528076172
47,0.048741973641764344,0.046747186313609745,Y,0.0042879581451416016
51,0.015731969223407326,0.046747186313609745,Y,0.0042879581451416016
47,0.0,1.478551313041578,Y,0.00301361083984375
52,4.954930399228546,1.478551313041578,Y,0.00301361083984375
47,0.0663400747566194,0.04674718631356711,Y,0.003700733184814453
53,0.0,0.04674718631356711,Y,0.003700733184814453
47,0.06634007475666609,0.046747186313609745,Y,0.004311800003051758
54,0.0,0.046747186313609745,Y,0.004311800003051758
47,0.06634007475668721,0.046747186313623956,Y,0.005902290344238281
55,0.0,0.046747186313623956,Y,0.005902290344238281
47,0.04660153192672996,0.0773724315704385,Y,0.008102893829345703
56,0.1745633284177007,0.0773724315704385,Y,0.008102893829345703
47,0.024094744891068325,0.08883503351341915,Y,0.0043179988861083984
57,0.42636337152316783,0.08883503351341915,Y,0.0043179988861083984
47,0.0663400747566818,0.046747186313623956,Y,0.003663301467895508
58,0.0,0.046747186313623956,Y,0.003663301467895508
47,0.06634007475666719,0.046747186313623956,Y,0.003743410110473633
59,0.0,0.046747186313623956,Y,0.003743410110473633
47,0.06634007475666609,0.046747186313623956,Y,0.004716634750366211
60,0.0,0.046747186313623956,Y,0.004716634750366211
47,0.0,0.10727409320421089,Y,0.007445096969604492
61,0.029074865199745153,0.10727409320421089,Y,0.007445096969604492
47,3.824945649752717,0.5155173350670168,Y,0.0070836544036865234
62,3.88028632575817,0.5155173350670168,Y,0.0070836544036865234
47,1.1123046927963287e-14,0.2120463535607371,Y,0.008056879043579102
63,1.060733192206358,0.2120463535607371,Y,0.008056879043579102
47,0.0,0.08198418230992388,Y,0.004463911056518555
64,0.11370792660534175,0.08198418230992388,Y,0.004463911056518555
47,0.06634007475666204,0.046747186313595535,Y,0.004317045211791992
65,0.0,0.046747186313595535,Y,0.004317045211791992
47,0.0,0.27750921015143604,Y,0.006464958190917969
66,0.33229462169680185,0.27750921015143604,Y,0.006464958190917969
47,0.0,1.3162238916422666,Y,0.004094123840332031
67,4.89617708287841,1.3162238916422666,Y,0.004094123840332031
47,4.635088405089229,0.5424154531991405,Y,0.0035707950592041016
68,5.0,0.5424154531991405,Y,0.0035707950592041016
47,0.06634007475670643,0.046747186313609745,Y,0.0069065093994140625
69,0.0,0.046747186313609745,Y,0.0069065093994140625
47,0.06634007475666609,0.046747186313609745,Y,0.004181385040283203
70,0.0,0.046747186313609745,Y,0.004181385040283203
47,0.012241506934458263,0.31178805163054335,Y,0.0046291351318359375
71,0.8694936841596587,0.31178805163054335,Y,0.0046291351318359375
47,0.0,0.6056275892932774,Y,0.004418134689331055
72,0.5516517652252896,0.6056275892932774,Y,0.004418134689331055
47,0.0,0.5157131325480435,Y,0.005892515182495117
73,0.3256475621898898,0.5157131325480435,Y,0.005892515182495117
48,0,0,N,0.0014216899871826172
49,0,0,N,0.0014216899871826172
48,0.0,0.09933429101207025,Y,0.004762172698974609
50,0.025833005821664926,0.09933429101207025,Y,0.004762172698974609
48,0.0,0.01763065849677048,Y,0.0049326419830322266
51,0.022366925603384765,0.01763065849677048,Y,0.0049326419830322266
48,1.229726937262224,1.5915846153194622,Y,0.0038666725158691406
52,5.0,1.5915846153194622,Y,0.0038666725158691406
48,0,0,N,0.0012805461883544922
53,0,0,N,0.0012805461883544922
48,0,0,N,0.0011854171752929688
54,0,0,N,0.0011854171752929688
48,0,0,N,0.004374265670776367
55,0,0,N,0.004374265670776367
48,0.0,0.058190871272074673,Y,0.0050640106201171875
56,0.22809416900881194,0.058190871272074673,Y,0.0050640106201171875
48,0.0,0.08883503351347599,Y,0.004637241363525391
57,0.5271066490841917,0.08883503351347599,Y,0.004637241363525391
48,0,0,N,0.0049741268157958984
58,0,0,N,0.0049741268157958984
48,0,0,N,0.0013365745544433594
59,0,0,N,0.0013365745544433594
48,0,0,N,0.0012195110321044922
60,0,0,N,0.0012195110321044922
48,1.7716463544864702,0.16166412333740254,Y,0.004939079284667969
61,0.38431857681592485,0.16166412333740254,Y,0.004939079284667969
48,0,0,N,0.0023508071899414062
62,0,0,N,0.0023508071899414062
48,5.0,0.9183660746398346,Y,0.004553318023681641
63,4.844141650355506,0.9183660746398346,Y,0.004553318023681641
48,0.0,0.08198418230986704,Y,0.004609107971191406
64,0.11370792660538682,0.08198418230986704,Y,0.004609107971191406
48,0,0,N,0.0012238025665283203
65,0,0,N,0.0012238025665283203
48,4.959063852354976,1.780519209918765,Y,0.004833698272705078
66,2.7841478407462605,1.780519209918765,Y,0.004833698272705078
48,1.9702260096399546,1.4475491612456324,Y,0.0035626888275146484
67,5.0,1.4475491612456324,Y,0.0035626888275146484
48,0,0,N,0.0016536712646484375
68,0,0,N,0.0016536712646484375
48,0.0,0.009999999999990905,Y,0.005342245101928711
69,0.03652722306491874,0.009999999999990905,Y,0.005342245101928711
48,0,0,N,0.0015940666198730469
70,0,0,N,0.0015940666198730469
48,0.0,0.3030553493116628,Y,0.006793975830078125
71,0.880766695658723,0.3030553493116628,Y,0.006793975830078125
48,0.0,0.6056275892931922,Y,0.006805896759033203
72,0.5516517652252108,0.6056275892931922,Y,0.006805896759033203
48,0.0,0.5157131325480435,Y,0.0048635005950927734
73,0.32564756218989144,0.5157131325480435,Y,0.0048635005950927734
49,0.7027956592155011,0.12998498530220104,Y,0.008944034576416016
50,0.241719645828369,0.12998498530220104,Y,0.008944034576416016
49,1.0421009912726378,0.26754012024645135,Y,0.004354953765869141
51,0.44857507111416994,0.26754012024645135,Y,0.004354953765869141
49,0.7376680975630299,1.614328573965878,Y,0.0035631656646728516
52,5.0,1.614328573965878,Y,0.0035631656646728516
49,0,0,N,0.001556396484375
53,0,0,N,0.001556396484375
49,0,0,N,0.0015857219696044922
54,0,0,N,0.0015857219696044922
49,0,0,N,0.0021741390228271484
55,0,0,N,0.0021741390228271484
49,0.0,0.058190871272103095,Y,0.006515979766845703
56,0.22809416900887133,0.058190871272103095,Y,0.006515979766845703
49,0.0,0.08883503351344757,Y,0.00466465950012207
57,0.5271066490840147,0.08883503351344757,Y,0.00466465950012207
49,0,0,N,0.0051174163818359375
58,0,0,N,0.0051174163818359375
49,0,0,N,0.001661062240600586
59,0,0,N,0.001661062240600586
49,0,0,N,0.0018587112426757812
60,0,0,N,0.0018587112426757812
49,3.433286106280378,0.6072146490566297,Y,0.004288196563720703
61,1.1925857748707365,0.6072146490566297,Y,0.004288196563720703
49,0,0,N,0.002101898193359375
62,0,0,N,0.002101898193359375
49,2.151997702629134,0.605627589293249,Y,0.00781869888305664
63,0.8376051922765646,0.605627589293249,Y,0.00781869888305664
49,0.0,0.0819841823098102,Y,0.006438255310058594
64,0.11370792660534468,0.0819841823098102,Y,0.006438255310058594
49,0,0,N,0.0016090869903564453
65,0,0,N,0.0016090869903564453
49,0.0,0.2816283609061543,Y,0.00940251350402832
66,0.34150372192853984,0.2816283609061543,Y,0.00940251350402832
49,0.0,1.3162238916422666,Y,0.003060579299926758
67,4.896177082878343,1.3162238916422666,Y,0.003060579299926758
49,0,0,N,0.007094621658325195
68,0,0,N,0.007094621658325195
49,3.833778163034166,0.21461928407967434,Y,0.005438327789306641
69,2.1814159972731146,0.21461928407967434,Y,0.005438327789306641
49,0,0,N,0.001695394515991211
70,0,0,N,0.001695394515991211
49,0.0,0.3084707346725395,Y,0.006067037582397461
71,0.8920350857541832,0.3084707346725395,Y,0.006067037582397461
49,0.0,0.6120940962038333,Y,0.0046732425689697266
72,0.5576273137624953,0.6120940962038333,Y,0.0046732425689697266
49,0.0,0.5157131448260941,Y,0.0070002079010009766
73,0.32564757252580245,0.5157131448260941,Y,0.0070002079010009766
50,0.02583300582166964,0.09933429101204183,Y,0.007394075393676758
51,0.0,0.09933429101204183,Y,0.007394075393676758
50,0.0,1.4785513130415637,Y,0.0038449764251708984
52,4.954930399228334,1.4785513130415637,Y,0.0038449764251708984
50,0.02583300582166966,0.09933429101204183,Y,0.003915548324584961
53,0.0,0.09933429101204183,Y,0.003915548324584961
50,0.7699373723756537,0.5960602473544725,Y,0.004498720169067383
54,4.877326302353667,0.5960602473544725,Y,0.004498720169067383
50,0.025833005821680455,0.09933429101207025,Y,0.005146503448486328
55,0.0,0.09933429101207025,Y,0.005146503448486328
50,0.02583300582166948,0.09933429101198499,Y,0.004682302474975586
56,0.0,0.09933429101198499,Y,0.004682302474975586
50,0.02583300582167032,0.09933429101208446,Y,0.0052394866943359375
57,0.0,0.09933429101208446,Y,0.0052394866943359375
50,0.025833005821673367,0.09933429101207025,Y,0.0038950443267822266
58,0.0,0.09933429101207025,Y,0.0038950443267822266
50,0.025833005821673305,0.09933429101207025,Y,0.004718303680419922
59,0.0,0.09933429101207025,Y,0.004718303680419922
50,0.025833005821677427,0.09933429101201341,Y,0.006552219390869141
60,0.0,0.09933429101201341,Y,0.006552219390869141
50,0.027897841178752013,0.10727409320408299,Y,0.003818035125732422
61,0.0,0.10727409320408299,Y,0.003818035125732422
50,2.295941463144441,5.217834352175856,Y,0.003317117691040039
62,5.0,5.217834352175856,Y,0.003317117691040039
50,0.0,0.21204635356070867,Y,0.0046350955963134766
63,1.0607331922057945,0.21204635356070867,Y,0.0046350955963134766
50,0.025833005821663018,0.09933429101201341,Y,0.005185842514038086
64,0.0,0.09933429101201341,Y,0.005185842514038086
50,0.02583300582167032,0.09933429101208446,Y,0.004655122756958008
65,0.0,0.09933429101208446,Y,0.004655122756958008
50,0.0,0.2775092101514076,Y,0.005299568176269531
66,0.33229462169681284,0.2775092101514076,Y,0.005299568176269531
50,2.5590823712357493,1.9988366283350558,Y,0.005175113677978516
67,4.955266594684133,1.9988366283350558,Y,0.005175113677978516
50,0.04369928339654669,0.15558840267439678,Y,0.006134510040283203
68,0.10204964168297093,0.15558840267439678,Y,0.006134510040283203
50,0.0258330058216803,0.09933429101204183,Y,0.007261514663696289
69,0.0,0.09933429101204183,Y,0.007261514663696289
50,0.02583300582166948,0.09933429101201341,Y,0.004406452178955078
70,0.0,0.09933429101201341,Y,0.004406452178955078
50,0.004042010098176571,0.3155759672561942,Y,0.009426355361938477
71,0.8766992101660201,0.3155759672561942,Y,0.009426355361938477
50,0.0,0.6056275892933058,Y,0.009274482727050781
72,0.5516517652252896,0.6056275892933058,Y,0.009274482727050781
50,4.969358645767362,2.5360283364936578,Y,0.005089998245239258
73,4.537821954709169,2.5360283364936578,Y,0.005089998245239258
51,7.105427357601002e-15,1.4785513130415353,Y,0.003728151321411133
52,4.9549303992284885,1.4785513130415353,Y,0.003728151321411133
51,0.022366925603356236,0.017630658496742058,Y,0.003520488739013672
53,0.0,0.017630658496742058,Y,0.003520488739013672
51,0.022366925603421784,0.017630658496841534,Y,0.004167318344116211
54,0.0,0.017630658496841534,Y,0.004167318344116211
51,0.022366925603420854,0.017630658496869955,Y,0.00523066520690918
55,0.0,0.017630658496869955,Y,0.00523066520690918
51,0.01676959227368513,0.06918642588566115,Y,0.01041555404663086
56,0.2193804532718939,0.06918642588566115,Y,0.01041555404663086
51,0.006435267866571555,0.08883503351346178,Y,0.006537675857543945
57,0.4970082710111184,0.08883503351346178,Y,0.006537675857543945
51,0.0223669256033848,0.01763065849678469,Y,0.009519577026367188
58,0.0,0.01763065849678469,Y,0.009519577026367188
51,0.022366925603417846,0.0176306584967989,Y,0.0029404163360595703
59,0.0,0.0176306584967989,Y,0.0029404163360595703
51,0.02236692560340684,0.017630658496813112,Y,0.004547595977783203
60,0.0,0.017630658496813112,Y,0.004547595977783203
51,0.0,0.10822729425188982,Y,0.005815029144287109
61,0.029333214547143053,0.10822729425188982,Y,0.005815029144287109
51,0.28574875337660444,0.23263706464413758,Y,0.006005764007568359
62,0.5692143381515847,0.23263706464413758,Y,0.006005764007568359
51,0.0,0.2120463535607371,Y,0.006400585174560547
63,1.0607331922062246,0.2120463535607371,Y,0.006400585174560547
51,0.007119942052306965,0.08198418230975335,Y,0.0033884048461914062
64,0.10592398856803775,0.08198418230975335,Y,0.0033884048461914062
51,0.022366925603421788,0.017630658496841534,Y,0.0037305355072021484
65,0.0,0.017630658496841534,Y,0.0037305355072021484
51,0.0,0.2775092101515213,Y,0.006854534149169922
66,0.33229462169699764,0.2775092101515213,Y,0.006854534149169922
51,0.0,1.3162238916424087,Y,0.004425525665283203
67,4.896177082879376,1.3162238916424087,Y,0.004425525665283203
51,1.524878453717167,0.6104910721762735,Y,0.0045871734619140625
68,0.9601069137715996,0.6104910721762735,Y,0.0045871734619140625
51,0.022366925603384775,0.01763065849678469,Y,0.005074977874755859
69,0.0,0.01763065849678469,Y,0.005074977874755859
51,0.022366925603367716,0.01763065849677048,Y,0.004163503646850586
70,0.0,0.01763065849677048,Y,0.004163503646850586
51,0.005631940833186757,0.31265906298901314,Y,0.004294872283935547
71,0.866778836306894,0.31265906298901314,Y,0.004294872283935547
51,0.0,0.6056275892932774,Y,0.004515886306762695
72,0.5516517652252896,0.6056275892932774,Y,0.004515886306762695
51,0.0,0.5157131325480435,Y,0.006338357925415039
73,0.32564756218988977,0.5157131325480435,Y,0.006338357925415039
52,4.95493039922855,1.478551313041578,Y,0.002990245819091797
53,0.0,1.478551313041578,Y,0.002990245819091797
52,5.0,1.7864713620168402,Y,0.0027167797088623047
54,1.551467217853725,1.7864713620168402,Y,0.0027167797088623047
52,4.954930399228452,1.4785513130415069,Y,0.003804445266723633
55,0.0,1.4785513130415069,Y,0.003804445266723633
52,4.954930399228393,1.4785513130414785,Y,0.0037789344787597656
56,0.0,1.4785513130414785,Y,0.0037789344787597656
52,4.954930399228319,1.4785513130415495,Y,0.0031948089599609375
57,0.0,1.4785513130415495,Y,0.0031948089599609375
52,4.954930399228554,1.4785513130415495,Y,0.007033586502075195
58,0.0,1.4785513130415495,Y,0.007033586502075195
52,4.954930399228546,1.478551313041578,Y,0.003060579299926758
59,0.0,1.478551313041578,Y,0.003060579299926758
52,4.954930399228547,1.4785513130415922,Y,0.0034008026123046875
60,0.0,1.4785513130415922,Y,0.0034008026123046875
52,4.954930399228814,1.4785513130415922,Y,0.004037618637084961
61,0.0,1.4785513130415922,Y,0.004037618637084961
52,4.975555609809938,2.525396205513701,Y,0.004637479782104492
62,0.7298928664206158,2.525396205513701,Y,0.004637479782104492
52,5.0,1.8705506049240768,Y,0.004012584686279297
63,4.842927127076648,1.8705506049240768,Y,0.004012584686279297
52,4.954930399228434,1.4785513130415495,Y,0.0030579566955566406
64,0.0,1.4785513130415495,Y,0.0030579566955566406
52,4.954930399228549,1.478551313041578,Y,0.0030028820037841797
65,0.0,1.478551313041578,Y,0.0030028820037841797
52,4.954109350425419,3.7147843521190964,Y,0.0039899349212646484
66,5.0,3.7147843521190964,Y,0.0039899349212646484
52,5.0,3.5171862745371243,Y,0.004593372344970703
67,4.953769444460433,3.5171862745371243,Y,0.004593372344970703
52,4.973691577114778,2.362150671696355,Y,0.004765510559082031
68,1.6932158560385024,2.362150671696355,Y,0.004765510559082031
52,4.9549303992285685,1.4785513130415353,Y,0.003932476043701172
69,0.0,1.4785513130415353,Y,0.003932476043701172
52,5.0,1.5883107580049227,Y,0.0032510757446289062
70,1.0706650188460447,1.5883107580049227,Y,0.0032510757446289062
52,4.954930399228548,1.478551313041578,Y,0.00505828857421875
71,0.0,1.478551313041578,Y,0.00505828857421875
52,4.954930399228443,1.4785513130414927,Y,0.005846261978149414
72,0.0,1.4785513130414927,Y,0.005846261978149414
52,4.961951103586505,2.137466154345944,Y,0.00390625
73,0.5530793825090756,2.137466154345944,Y,0.00390625
53,0,0,N,0.0013954639434814453
54,0,0,N,0.0013954639434814453
53,0,0,N,0.0017087459564208984
55,0,0,N,0.0017087459564208984
53,0.0,0.05819087127213152,Y,0.006134986877441406
56,0.22809416900904647,0.05819087127213152,Y,0.006134986877441406
53,0.0,0.08883503351343336,Y,0.004450321197509766
57,0.52710664908426,0.08883503351343336,Y,0.004450321197509766
53,0,0,N,0.0032460689544677734
58,0,0,N,0.0032460689544677734
53,0,0,N,0.0013229846954345703
59,0,0,N,0.0013229846954345703
53,0,0,N,0.0011551380157470703
60,0,0,N,0.0011551380157470703
53,0.0,0.10829184317114482,Y,0.005998373031616211
61,0.029350709461961406,0.10829184317114482,Y,0.005998373031616211
53,0,0,N,0.004533290863037109
62,0,0,N,0.004533290863037109
53,0.0,0.2120463535607655,Y,0.005045890808105469
63,1.0607331922063103,0.2120463535607655,Y,0.005045890808105469
53,0.0,0.08198418230973914,Y,0.0037200450897216797
64,0.11370792660523188,0.08198418230973914,Y,0.0037200450897216797
53,0,0,N,0.0011310577392578125
65,0,0,N,0.0011310577392578125
53,0.0,0.2775092101514929,Y,0.005411863327026367
66,0.3322946216968912,0.2775092101514929,Y,0.005411863327026367
53,2.220446049250313e-16,1.3162238916426077,Y,0.0032165050506591797
67,4.896177082880868,1.3162238916426077,Y,0.0032165050506591797
53,0,0,N,0.001617431640625
68,0,0,N,0.001617431640625
53,0.0,0.009999999999990905,Y,0.002266407012939453
69,0.03652722306487255,0.009999999999990905,Y,0.002266407012939453
53,0,0,N,0.0011627674102783203
70,0,0,N,0.0011627674102783203
53,0.0,0.3030553493117196,Y,0.004544258117675781
71,0.8807666956587729,0.3030553493117196,Y,0.004544258117675781
53,0.0,0.6101592966233511,Y,0.00474238395690918
72,0.5558394104999248,0.6101592966233511,Y,0.00474238395690918
53,0.0,0.5157131325480293,Y,0.005589008331298828
73,0.3256475621898795,0.5157131325480293,Y,0.005589008331298828
54,0,0,N,0.002414226531982422
55,0,0,N,0.002414226531982422
54,0.0,0.058190871272088884,Y,0.004405975341796875
56,0.22809416900894638,0.058190871272088884,Y,0.004405975341796875
54,1.1277769818065482,0.15096667728326452,Y,0.005722999572753906
57,4.139926743820367,0.15096667728326452,Y,0.005722999572753906
54,0,0,N,0.003609895706176758
58,0,0,N,0.003609895706176758
54,0,0,N,0.0024988651275634766
59,0,0,N,0.0024988651275634766
54,0,0,N,0.0015976428985595703
60,0,0,N,0.0015976428985595703
54,4.913384771022266,0.8120369722504961,Y,0.006241798400878906
61,0.8656963290799192,0.8120369722504961,Y,0.006241798400878906
54,0,0,N,0.0044248104095458984
62,0,0,N,0.0044248104095458984
54,5.0,1.4614273008143641,Y,0.007689952850341797
63,4.843448968968328,1.4614273008143641,Y,0.007689952850341797
54,3.5589757940463183,0.12410646772345046,Y,0.005326509475708008
64,2.5651719229607766,0.12410646772345046,Y,0.005326509475708008
54,0,0,N,0.0012161731719970703
65,0,0,N,0.0012161731719970703
54,4.9648232806928965,2.0301529283826483,Y,0.005051851272583008
66,2.1355041373890193,2.0301529283826483,Y,0.005051851272583008
54,5.0,4.983320319976372,Y,0.004194736480712891
67,4.953226297157533,4.983320319976372,Y,0.004194736480712891
54,0,0,N,0.002816438674926758
68,0,0,N,0.002816438674926758
54,0.0,0.009999999999990905,Y,0.00492548942565918
69,0.03652722306492168,0.009999999999990905,Y,0.00492548942565918
54,0,0,N,0.0008664131164550781
70,0,0,N,0.0008664131164550781
54,0.0,0.303055349311677,Y,0.00617218017578125
71,0.880766695658773,0.303055349311677,Y,0.00617218017578125
54,4.9340701220607,1.0434154808000926,Y,0.00419163703918457
72,2.138122554649336,1.0434154808000926,Y,0.00419163703918457
54,4.97924272811685,3.521795914828374,Y,0.004037380218505859
73,2.0574877689491067,3.521795914828374,Y,0.004037380218505859
55,0.0,0.058190871272103095,Y,0.0056285858154296875
56,0.22809416900905116,0.058190871272103095,Y,0.0056285858154296875
55,0.0,0.08883503351353284,Y,0.004492282867431641
57,0.5271066490843603,0.08883503351353284,Y,0.004492282867431641
55,0,0,N,0.004724979400634766
58,0,0,N,0.004724979400634766
55,0,0,N,0.001975536346435547
59,0,0,N,0.001975536346435547
55,0,0,N,0.0016396045684814453
60,0,0,N,0.0016396045684814453
55,0.0,0.10727409320421089,Y,0.004731416702270508
61,0.029074865199768124,0.10727409320421089,Y,0.004731416702270508
55,0,0,N,0.0022840499877929688
62,0,0,N,0.0022840499877929688
55,0.0,0.2120463535607655,Y,0.004338741302490234
63,1.060733192206701,0.2120463535607655,Y,0.004338741302490234
55,0.0,0.0819841823098102,Y,0.004929780960083008
64,0.11370792660534468,0.0819841823098102,Y,0.004929780960083008
55,0,0,N,0.0024259090423583984
65,0,0,N,0.0024259090423583984
55,0.0,0.27750921015146446,Y,0.005242824554443359
66,0.33229462169687846,0.27750921015146446,Y,0.005242824554443359
55,0.0,1.316223891642636,Y,0.003187417984008789
67,4.89617708288121,1.316223891642636,Y,0.003187417984008789
55,0,0,N,0.004314422607421875
68,0,0,N,0.004314422607421875
55,0.0,0.009999999999990905,Y,0.005208253860473633
69,0.0365272230651239,0.009999999999990905,Y,0.005208253860473633
55,0,0,N,0.0023844242095947266
70,0,0,N,0.0023844242095947266
55,0.5473166975189995,0.6117050180755541,Y,0.004620552062988281
71,2.671584189974189,0.6117050180755541,Y,0.004620552062988281
55,0.0,0.6056275892933058,Y,0.00419163703918457
72,0.5516517652253159,0.6056275892933058,Y,0.00419163703918457
55,4.97522645129481,3.055473194970318,Y,0.004410743713378906
73,4.930611976764369,3.055473194970318,Y,0.004410743713378906
56,0.3028230771780458,0.08883503351343336,Y,0.0037796497344970703
57,0.06870743012465862,0.08883503351343336,Y,0.0037796497344970703
56,0.22809416900892163,0.058190871272088884,Y,0.004700183868408203
58,0.0,0.058190871272088884,Y,0.004700183868408203
56,0.22809416900894638,0.058190871272074673,Y,0.005442619323730469
59,0.0,0.058190871272074673,Y,0.005442619323730469
56,0.22809416900897275,0.058190871272117306,Y,0.003464937210083008
60,1.478331346227435e-14,0.058190871272117306,Y,0.003464937210083008
56,0.0,0.10727409320421089,Y,0.004262447357177734
61,0.02907486519974578,0.10727409320421089,Y,0.004262447357177734
56,0.22809416900894616,0.058190871272103095,Y,0.005068778991699219
62,0.0,0.058190871272103095,Y,0.005068778991699219
56,0.0,0.21204635356079393,Y,0.004025936126708984
63,1.0607331922064844,0.21204635356079393,Y,0.004025936126708984
56,0.0,0.08656842777625684,Y,0.003787994384765625
64,0.12006604389516372,0.08656842777625684,Y,0.003787994384765625
56,0.22809416900894638,0.058190871272088884,Y,0.004195690155029297
65,0.0,0.058190871272088884,Y,0.004195690155029297
56,0.0,0.27750921015143604,Y,0.003923177719116211
66,0.3322946216968606,0.27750921015143604,Y,0.003923177719116211
56,3.002745000222321,1.6337677062368527,Y,0.004235029220581055
67,5.0,1.6337677062368527,Y,0.004235029220581055
56,0.22809416900909452,0.058190871272103095,Y,0.005251884460449219
68,0.0,0.058190871272103095,Y,0.005251884460449219
56,0.21786916352404498,0.06210290729993062,Y,0.008957624435424805
69,0.023818001066784188,0.06210290729993062,Y,0.008957624435424805
56,0.22809416900894638,0.058190871272088884,Y,0.004558086395263672
70,0.0,0.058190871272088884,Y,0.004558086395263672
56,0.5641691116797221,0.605627589293249,Y,0.004289150238037109
71,1.9617962016250323,0.605627589293249,Y,0.004289150238037109
56,0.0,0.605627589293249,Y,0.007984161376953125
72,0.5516517652252634,0.605627589293249,Y,0.007984161376953125
56,4.983333350962852,4.3137955694048316,Y,0.004053831100463867
73,3.856833542185712,4.3137955694048316,Y,0.004053831100463867
57,0.5271066490840663,0.08883503351346178,Y,0.00429534912109375
58,0.0,0.08883503351346178,Y,0.00429534912109375
57,0.5271066490840277,0.08883503351350441,Y,0.002903461456298828
59,0.0,0.08883503351350441,Y,0.002903461456298828
57,0.5271066490840147,0.08883503351344757,Y,0.00450444221496582
60,0.0,0.08883503351344757,Y,0.00450444221496582
57,0.0,0.10727409320429615,Y,0.005475282669067383
61,0.029074865199762073,0.10727409320429615,Y,0.005475282669067383
57,4.92359073338072,0.7918888562922746,Y,0.004517078399658203
62,0.6255154133349604,0.7918888562922746,Y,0.004517078399658203
57,2.035359704267427,0.40766137223526755,Y,0.004738569259643555
63,4.7645976187733625,0.40766137223526755,Y,0.004738569259643555
57,0.0,0.08883503351347599,Y,0.003794431686401367
64,0.12320971175340703,0.08883503351347599,Y,0.003794431686401367
57,0.5271066490836909,0.08883503351341915,Y,0.0021560192108154297
65,0.0,0.08883503351341915,Y,0.0021560192108154297
57,4.933446819620461,1.1976153112275938,Y,0.004384040832519531
66,2.9030584610814354,1.1976153112275938,Y,0.004384040832519531
57,4.835900201198837,2.2599767906853856,Y,0.004500627517700195
67,5.0,2.2599767906853856,Y,0.004500627517700195
57,4.778496527588596,0.46232100332230175,Y,0.0056896209716796875
68,1.0716481253181855,0.46232100332230175,Y,0.0056896209716796875
57,0.5149764186100252,0.08883503351346178,Y,0.004632711410522461
69,0.007467435589284011,0.08883503351346178,Y,0.004632711410522461
57,0.5271066490841495,0.08883503351350441,Y,0.0037717819213867188
70,0.0,0.08883503351350441,Y,0.0037717819213867188
57,0.0,0.3088871683171419,Y,0.006894588470458984
71,0.8929016052063221,0.3088871683171419,Y,0.006894588470458984
57,0.0,0.6056275892933058,Y,0.0057866573333740234
72,0.5516517652252896,0.6056275892933058,Y,0.0057866573333740234
57,4.82542600131651,0.8655358325739257,Y,0.004377603530883789
73,0.8093300336729657,0.8655358325739257,Y,0.004377603530883789
58,0,0,N,0.0021588802337646484
59,0,0,N,0.0021588802337646484
58,0,0,N,0.006168842315673828
60,0,0,N,0.006168842315673828
58,0.0,0.10727409320416825,Y,0.003832101821899414
61,0.02907486519974478,0.10727409320416825,Y,0.003832101821899414
58,0,0,N,0.0042531490325927734
62,0,0,N,0.0042531490325927734
58,0.0,0.2120463535607655,Y,0.004983425140380859
63,1.0607331922063108,0.2120463535607655,Y,0.004983425140380859
58,0.0,0.08198418230986704,Y,0.004271507263183594
64,0.11370792660538112,0.08198418230986704,Y,0.004271507263183594
58,0,0,N,0.0022935867309570312
65,0,0,N,0.0022935867309570312
58,0.0,0.2775092101514929,Y,0.006390571594238281
66,0.3322946216968958,0.2775092101514929,Y,0.006390571594238281
58,2.220446049250313e-16,1.3162238916426077,Y,0.0038497447967529297
67,4.896177082880988,1.3162238916426077,Y,0.0038497447967529297
58,0.6311050923874822,0.04380555398508079,Y,0.007402181625366211
68,0.0947994882741057,0.04380555398508079,Y,0.007402181625366211
58,0.0,0.009999999999990905,Y,0.0044307708740234375
69,0.03652722306491885,0.009999999999990905,Y,0.0044307708740234375
58,0,0,N,0.003815889358520508
70,0,0,N,0.003815889358520508
58,4.8637028292357245,0.5607532485666411,Y,0.004591703414916992
71,2.915464595317573,0.5607532485666411,Y,0.004591703414916992
58,0.0,0.605627589293249,Y,0.005017757415771484
72,0.5516517652252633,0.605627589293249,Y,0.005017757415771484
58,0.0,0.5157131325480151,Y,0.008762121200561523
73,0.3256475621898477,0.5157131325480151,Y,0.008762121200561523
59,0,0,N,0.0014820098876953125
60,0,0,N,0.0014820098876953125
59,0.0,0.10824624031452856,Y,0.005865335464477539
61,0.029338349563409638,0.10824624031452856,Y,0.005865335464477539
59,0,0,N,0.002788066864013672
62,0,0,N,0.002788066864013672
59,0.0,0.21204635356072288,Y,0.007760047912597656
63,1.0607331922062242,0.21204635356072288,Y,0.007760047912597656
59,0.0,0.0819841823098244,Y,0.004408836364746094
64,0.11370792660534468,0.0819841823098244,Y,0.004408836364746094
59,0,0,N,0.0013649463653564453
65,0,0,N,0.0013649463653564453
59,0.0,0.2775092101514929,Y,0.0046732425689697266
66,0.3322946216968915,0.2775092101514929,Y,0.0046732425689697266
59,0.0,1.316223891642636,Y,0.004459381103515625
67,4.896177082881228,1.316223891642636,Y,0.004459381103515625
59,0,0,N,0.004624843597412109
68,0,0,N,0.004624843597412109
59,0.0,0.009999999999990905,Y,0.005590915679931641
69,0.0365272230649162,0.009999999999990905,Y,0.005590915679931641
59,0,0,N,0.0015380382537841797
70,0,0,N,0.0015380382537841797
59,0.0,0.3083808768872416,Y,0.005403757095336914
71,0.8918481087413572,0.3083808768872416,Y,0.005403757095336914
59,0.0,0.6056276137365728,Y,0.003965139389038086
72,0.5516517878127963,0.6056276137365728,Y,0.003965139389038086
59,0.0,0.5157131325480293,Y,0.004753589630126953
73,0.3256475621898795,0.5157131325480293,Y,0.004753589630126953
60,0.0,0.10727409320415404,Y,0.004712104797363281
61,0.02907486519974556,0.10727409320415404,Y,0.004712104797363281
60,0,0,N,0.0012857913970947266
62,0,0,N,0.0012857913970947266
60,0.0,0.2120463535607513,Y,0.00571894645690918
63,1.060733192206709,0.2120463535607513,Y,0.00571894645690918
60,0.0,0.08198418230979598,Y,0.004965543746948242
64,0.11370792660534468,0.08198418230979598,Y,0.004965543746948242
60,0,0,N,0.0021431446075439453
65,0,0,N,0.0021431446075439453
60,0.0,0.27750921015143604,Y,0.011775016784667969
66,0.33229462169681284,0.27750921015143604,Y,0.011775016784667969
60,0.0,1.3162238916425792,Y,0.007262706756591797
67,4.896177082880717,1.3162238916425792,Y,0.007262706756591797
60,0,0,N,0.002265453338623047
68,0,0,N,0.002265453338623047
60,0.0,0.009999999999990905,Y,0.005666017532348633
69,0.03652722306491885,0.009999999999990905,Y,0.005666017532348633
60,0,0,N,0.0012946128845214844
70,0,0,N,0.0012946128845214844
60,0.0,0.30305534931173383,Y,0.0045201778411865234
71,0.8807666956588424,0.30305534931173383,Y,0.0045201778411865234
60,0.0,0.6056275892931922,Y,0.004527568817138672
72,0.5516517652252634,0.6056275892931922,Y,0.004527568817138672
60,0.0,0.5157131325480293,Y,0.004759311676025391
73,0.3256475621898795,0.5157131325480293,Y,0.004759311676025391
61,1.8935397214850553,4.536412305140061,Y,0.0035011768341064453
62,4.983496500463742,4.536412305140061,Y,0.0035011768341064453
61,0.0,0.21204635356069446,Y,0.005855560302734375
63,1.0607331922056518,0.21204635356069446,Y,0.005855560302734375
61,0.0290748651997542,0.10727409320425352,Y,0.005055665969848633
64,0.0,0.10727409320425352,Y,0.005055665969848633
61,0.029074865199762073,0.10727409320429615,Y,0.004774570465087891
65,0.0,0.10727409320429615,Y,0.004774570465087891
61,0.0,0.2775092101515213,Y,0.005504608154296875
66,0.3322946216969999,0.2775092101515213,Y,0.005504608154296875
61,0.0,1.316223891642494,Y,0.0047228336334228516
67,4.896177082880355,1.316223891642494,Y,0.0047228336334228516
61,0.049081880803520876,0.1684221084231865,Y,0.0061953067779541016
68,0.1038810755963944,0.1684221084231865,Y,0.0061953067779541016
61,0.029074865199752775,0.10727409320421089,Y,0.006807088851928711
69,0.0,0.10727409320421089,Y,0.006807088851928711
61,1.0566706232020087,0.23014135115357703,Y,0.004773378372192383
70,4.505545648636787,0.23014135115357703,Y,0.004773378372192383
61,2.8072715581959358,0.605627589293249,Y,0.006767749786376953
71,3.742625404606244,0.605627589293249,Y,0.006767749786376953
61,0.0,0.6056275892931922,Y,0.007702827453613281
72,0.5516517652252108,0.6056275892931922,Y,0.007702827453613281
61,4.921131728073784,1.2927499961577382,Y,0.008013248443603516
73,2.191066618508493,1.2927499961577382,Y,0.008013248443603516
62,5.0,5.394608607504011,Y,0.005880594253540039
63,4.920386535618157,5.394608607504011,Y,0.005880594253540039
62,3.219436832124842,3.3254834298952574,Y,0.004575252532958984
64,4.98012027262221,3.3254834298952574,Y,0.004575252532958984
62,0,0,N,0.0018541812896728516
65,0,0,N,0.0018541812896728516
62,4.990143982575011,6.844768091892462,Y,0.005220174789428711
66,2.4833422209421596,6.844768091892462,Y,0.005220174789428711
62,3.186495215861147,3.7947903710593778,Y,0.003911018371582031
67,4.980059644778985,3.7947903710593778,Y,0.003911018371582031
62,0,0,N,0.0029039382934570312
68,0,0,N,0.0029039382934570312
62,1.5577260088902698,0.605627589293249,Y,0.00783538818359375
69,1.0088389674363787,0.605627589293249,Y,0.00783538818359375
62,0,0,N,0.002553224563598633
70,0,0,N,0.002553224563598633
62,0.0,0.303055349311677,Y,0.007291316986083984
71,0.8807666956587104,0.303055349311677,Y,0.007291316986083984
62,3.098789542394368e-06,0.6056275892932774,Y,0.0070858001708984375
72,0.5516476802792092,0.6056275892932774,Y,0.0070858001708984375
62,4.984712463343615,4.650107106466379,Y,0.0039958953857421875
73,2.525403678700293,4.650107106466379,Y,0.0039958953857421875
63,1.0607331922062246,0.21204635356072288,Y,0.004364728927612305
64,0.0,0.21204635356072288,Y,0.004364728927612305
63,1.0607331922058634,0.2120463535607513,Y,0.004675626754760742
65,0.0,0.2120463535607513,Y,0.004675626754760742
63,0.0,0.2775092101514076,Y,0.004277467727661133
66,0.33229462169681284,0.2775092101514076,Y,0.004277467727661133
63,5.0,2.111748674451917,Y,0.004285097122192383
67,4.895503346762854,2.111748674451917,Y,0.004285097122192383
63,0.6134076069270402,0.2120463535607371,Y,0.006182193756103516
68,0.06760182943105683,0.2120463535607371,Y,0.006182193756103516
63,1.0607331922058634,0.2120463535607371,Y,0.007319211959838867
69,0.0,0.2120463535607371,Y,0.007319211959838867
63,4.844083526747653,0.9639349006032489,Y,0.0048313140869140625
70,5.0,0.9639349006032489,Y,0.0048313140869140625
63,2.7257884203315825,0.6056275892932774,Y,0.010207414627075195
71,2.307365796413551,0.6056275892932774,Y,0.010207414627075195
63,0.0,0.605627589293249,Y,0.007907867431640625
72,0.5516517652252634,0.605627589293249,Y,0.007907867431640625
63,4.959773848984696,2.0485834123954305,Y,0.004508495330810547
73,1.288680430410282,2.0485834123954305,Y,0.004508495330810547
64,0.11370792660534468,0.08198418230979598,Y,0.00458526611328125
65,0.0,0.08198418230979598,Y,0.00458526611328125
64,0.0,0.2775092101514076,Y,0.005013465881347656
66,0.33229462169681284,0.2775092101514076,Y,0.005013465881347656
64,3.3832030230222285,3.114350398008753,Y,0.0048487186431884766
67,4.976660380476748,3.114350398008753,Y,0.0048487186431884766
64,0.19598229341002843,0.129007945872317,Y,0.0057675838470458984
68,0.10082359595658819,0.129007945872317,Y,0.0057675838470458984
64,0.11370792660529028,0.0819841823098244,Y,0.005195140838623047
69,0.0,0.0819841823098244,Y,0.005195140838623047
64,0.11370792660534468,0.08198418230979598,Y,0.004157543182373047
70,0.0,0.08198418230979598,Y,0.004157543182373047
64,0.00037769262323138046,0.3135067876496862,Y,0.00840139389038086
71,0.9023630040140824,0.3135067876496862,Y,0.00840139389038086
64,0.0,0.6056275892933058,Y,0.00906229019165039
72,0.5516517652252896,0.6056275892933058,Y,0.00906229019165039
64,4.975008188606139,3.0020558225347145,Y,0.004270315170288086
73,3.533752112809819,3.0020558225347145,Y,0.004270315170288086
65,0.0,0.27750921015143604,Y,0.0046007633209228516
66,0.3322946216968606,0.27750921015143604,Y,0.0046007633209228516
65,4.933724128730075,2.8197706462084966,Y,0.004056453704833984
67,5.0,2.8197706462084966,Y,0.004056453704833984
65,0,0,N,0.002713918685913086
68,0,0,N,0.002713918685913086
65,0.0,0.009999999999990905,Y,0.0051534175872802734
69,0.036527223064712976,0.009999999999990905,Y,0.0051534175872802734
65,0,0,N,0.0009250640869140625
70,0,0,N,0.0009250640869140625
65,0.0,0.303055349311677,Y,0.004867076873779297
71,0.8807666956587729,0.303055349311677,Y,0.004867076873779297
65,0.0,0.6056275892932206,Y,0.007731437683105469
72,0.5516517652252371,0.6056275892932206,Y,0.007731437683105469
65,4.926131224776492,1.3456988592846102,Y,0.004630088806152344
73,2.2672987382863377,1.3456988592846102,Y,0.004630088806152344
66,2.7344930694302194,3.7936887426532167,Y,0.006087303161621094
67,4.981866096378816,3.7936887426532167,Y,0.006087303161621094
66,0.3109145975742391,0.2775092101514076,Y,0.004938840866088867
68,0.018432094065147082,0.2775092101514076,Y,0.004938840866088867
66,0.33229462169681284,0.2775092101514076,Y,0.007844209671020508
69,0.0,0.2775092101514076,Y,0.007844209671020508
66,5.0,2.808168647798283,Y,0.0038247108459472656
70,4.863705252125573,2.808168647798283,Y,0.0038247108459472656
66,0.9201319186812679,0.6056275892932774,Y,0.01100015640258789
71,2.8684465407586544,0.6056275892932774,Y,0.01100015640258789
66,0.0,0.605627589293249,Y,0.009160280227661133
72,0.5516517652252765,0.605627589293249,Y,0.009160280227661133
66,4.990756966507857,7.480691166633335,Y,0.004165172576904297
73,4.309703025257646,7.480691166633335,Y,0.004165172576904297
67,4.8961770828783,1.316223891642295,Y,0.003258228302001953
68,0.0,1.316223891642295,Y,0.003258228302001953
67,4.896177082880988,1.3162238916426077,Y,0.003649473190307617
69,0.0,1.3162238916426077,Y,0.003649473190307617
67,5.0,2.131608105178856,Y,0.004216194152832031
70,4.751229081296776,2.131608105178856,Y,0.004216194152832031
67,4.896177082879805,1.3162238916424656,Y,0.0044765472412109375
71,0.0,1.3162238916424656,Y,0.0044765472412109375
67,4.896177082879854,1.316223891642494,Y,0.003635883331298828
72,0.0,1.316223891642494,Y,0.003635883331298828
67,4.9526913776268096,1.8474083299710742,Y,0.004829883575439453
73,0.6591332690949665,1.8474083299710742,Y,0.004829883575439453
68,0.12157778869321613,0.15058352731689695,Y,0.005621194839477539
69,0.0853061926452664,0.15058352731689695,Y,0.005621194839477539
68,0,0,N,0.0029296875
70,0,0,N,0.0029296875
68,0.34716535317522723,0.6117050180755541,Y,0.004866123199462891
71,2.728926054309035,0.6117050180755541,Y,0.004866123199462891
68,0.0034315313792216036,0.6072146490566297,Y,0.004805803298950195
72,0.5485390244056515,0.6072146490566297,Y,0.004805803298950195
68,3.1260679686010473,1.7829300515140858,Y,0.004739046096801758
73,4.948004030785494,1.7829300515140858,Y,0.004739046096801758
69,0.03652722306484774,0.009999999999990905,Y,0.004502534866333008
70,0.0,0.009999999999990905,Y,0.004502534866333008
69,0.007483153938356862,0.31564266759960447,Y,0.005311489105224609
71,0.8753548087993142,0.31564266759960447,Y,0.005311489105224609
69,0.0,0.605627589293249,Y,0.00554347038269043
72,0.5516517652252633,0.605627589293249,Y,0.00554347038269043
69,0.0,0.5157131325480151,Y,0.006738424301147461
73,0.3256475621898442,0.5157131325480151,Y,0.006738424301147461
70,0.0,0.303055349311677,Y,0.0055658817291259766
71,0.8807666956587729,0.303055349311677,Y,0.0055658817291259766
70,0.0,0.6056275892932206,Y,0.01150655746459961
72,0.5516517652252371,0.6056275892932206,Y,0.01150655746459961
70,4.632427971671501,0.6974890919557453,Y,0.0054814815521240234
73,1.4474003125633106,0.6974890919557453,Y,0.0054814815521240234
71,0.0,0.6056275892932774,Y,0.005549907684326172
72,0.5516517652252896,0.6056275892932774,Y,0.005549907684326172
71,0.0,0.5157131325480293,Y,0.004919290542602539
73,0.3256475621898795,0.5157131325480293,Y,0.004919290542602539
72,0.5516517652252896,0.6056275892932632,Y,0.008806943893432617
73,0.0,0.6056275892932632,Y,0.008806943893432617
