201.43508198316664